112	1	120
112	2	204
112	3	204
112	4	29
112	5	29
112	6	62
112	7	273
112	8	53
112	9	53
112	10	195
112	11	225
116	1	160
116	2	160
116	3	118
116	4	204
25	1	29
25	2	60
25	3	31
25	4	254
25	5	182
25	6	60
25	7	60
25	8	43
25	9	120
25	10	66
25	11	203
25	12	271
26	1	31
26	2	60
26	3	251
26	4	43
26	5	120
26	6	120
26	7	182
28	1	60
28	2	235
28	3	131
32	1	57
32	2	131
32	3	83
32	4	83
33	1	225
33	2	251
33	3	268
33	4	265
33	5	258
35	1	60
35	2	268
35	3	258
35	4	66
38	1	60
38	2	268
40	1	60
40	2	118
40	3	62
40	4	258
42	1	60
42	2	55
42	3	31
42	4	31
42	5	43
42	6	120
42	7	238
42	8	31
42	9	271
42	10	80
42	11	66
45	1	55
45	2	31
45	3	224
45	4	224
47	1	60
47	2	31
47	3	31
47	4	55
47	5	43
47	6	246
47	7	271
47	8	66
48	1	224
48	2	60
48	3	224
48	4	55
48	5	31
48	6	31
48	7	120
48	8	43
48	9	246
48	10	120
49	1	227
49	2	225
49	3	251
49	4	182
49	5	182
49	6	265
49	7	187
49	8	209
49	9	187
51	1	224
51	2	31
51	3	251
51	4	182
51	5	182
51	6	182
51	7	271
51	8	83
52	1	258
52	2	29
52	3	24
52	4	224
52	5	266
52	6	265
52	7	274
53	1	224
53	2	83
53	3	117
54	1	248
54	2	203
54	3	29
54	4	29
54	5	245
54	6	225
54	7	225
546	1	273
546	2	160
546	3	273
546	4	273
546	5	122
546	6	271
546	7	271
546	8	264
546	9	99
546	10	187
546	11	187
546	12	187
546	13	264
546	14	88
55	1	250
55	2	134
55	3	250
55	4	55
55	5	83
55	6	83
55	7	238
55	8	224
55	9	60
56	1	55
56	2	224
56	3	222
56	4	58
56	5	246
56	6	246
57	1	105
57	2	250
57	3	250
57	4	203
57	5	250
57	6	251
57	7	31
57	8	60
57	9	117
57	10	43
58	1	103
58	2	117
58	3	34
58	4	34
58	5	31
58	6	60
58	7	34
58	8	61
58	9	271
58	10	94
59	1	233
59	2	250
59	3	31
59	4	238
59	5	222
59	6	61
60	1	225
60	2	31
60	3	31
60	4	238
60	5	43
60	6	222
60	7	222
60	8	66
60	9	120
60	10	195
60	11	120
60	12	29
61	1	238
61	2	260
61	3	43
61	4	43
61	5	251
61	6	254
61	7	254
61	8	43
61	9	160
62	1	60
62	2	57
62	3	241
62	4	256
62	5	256
63	1	224
63	2	60
63	3	105
63	4	117
63	5	31
63	6	251
63	7	94
63	8	94
63	9	251
64	1	258
64	2	204
64	3	62
64	4	265
64	5	223
646	1	187
646	2	120
646	3	120
646	4	99
646	5	226
646	6	195
651	1	120
651	2	136
651	3	225
651	4	118
651	5	204
651	6	118
651	7	204
651	8	204
651	9	160
651	10	160
651	11	160
651	12	204
652	1	120
652	2	118
652	3	134
652	4	271
652	5	109
652	6	52
652	7	52
652	8	88
652	9	88
652	10	222
652	11	222
655	1	120
655	2	52
655	3	53
655	4	53
655	5	52
655	6	88
656	1	224
656	2	62
656	3	187
656	4	160
66	1	265
66	2	62
66	3	204
661	1	134
661	2	117
661	3	66
661	4	222
661	5	224
661	6	271
662	1	120
662	2	52
662	3	53
662	4	53
662	5	52
662	6	53
662	7	99
662	8	134
662	9	134
662	10	131
662	11	250
662	12	250
662	13	80
662	14	58
663	1	131
663	2	120
663	3	126
663	4	160
663	5	160
663	6	160
663	7	160
663	8	160
663	9	99
663	10	27
663	11	242
663	12	264
663	13	264
663	14	264
663	15	264
664	1	120
664	2	52
664	3	52
664	4	88
664	5	71
664	6	88
668	1	52
668	2	52
668	3	52
668	4	52
668	5	120
668	6	88
668	7	88
668	8	88
668	9	120
668	10	88
669	1	53
669	2	66
669	3	88
669	4	126
669	5	122
671	1	273
671	2	273
671	3	187
671	4	104
671	5	264
672	1	120
672	2	160
672	3	51
672	4	52
672	5	273
672	6	273
672	7	53
672	8	88
672	9	88
672	10	88
672	11	88
674	1	53
674	2	120
674	3	53
674	4	120
674	5	51
674	6	88
674	7	88
674	8	88
674	9	99
674	10	264
676	1	66
676	2	120
676	3	264
676	4	271
676	5	271
676	6	53
676	7	52
676	8	52
676	9	126
676	10	122
676	11	126
678	1	66
678	2	88
678	3	122
678	4	10
678	5	51
678	6	275
678	7	51
678	8	275
679	1	66
679	2	126
679	3	273
679	4	271
679	5	126
679	6	122
682	1	51
682	2	135
682	3	120
682	4	66
682	5	66
682	6	66
682	7	160
682	8	51
682	9	275
682	10	173
682	11	271
682	12	271
682	13	264
683	1	273
683	2	273
683	3	273
683	4	99
683	5	264
683	6	264
683	7	88
683	8	88
683	9	80
683	10	88
684	1	52
684	2	53
684	3	120
685	1	184
685	2	40
685	3	184
685	4	184
685	5	274
686	1	52
686	2	53
686	3	247
686	4	247
686	5	120
686	6	53
686	7	52
686	8	273
686	9	66
686	10	184
686	11	264
686	12	88
686	13	122
686	14	126
687	1	224
687	2	131
687	3	57
687	4	83
687	5	206
687	6	206
687	7	134
687	8	134
689	1	120
689	2	224
689	3	168
689	4	118
689	5	204
689	6	52
689	7	52
689	8	51
689	9	160
689	10	273
689	11	53
690	1	224
690	2	168
690	3	118
690	4	118
690	5	120
690	6	51
690	7	160
690	8	52
690	9	273
690	10	134
692	1	264
692	2	271
692	3	271
692	4	264
692	5	160
692	6	273
692	7	273
692	8	264
692	9	99
692	10	99
692	11	99
693	1	53
693	2	53
693	3	88
693	4	88
693	5	224
693	6	118
693	7	204
693	8	273
694	1	160
694	2	224
694	3	57
694	4	160
694	5	43
694	6	203
694	7	203
694	8	88
696	1	160
696	2	160
696	3	66
696	4	39
696	5	160
696	6	273
696	7	39
696	8	53
696	9	52
696	10	53
696	11	124
696	12	53
696	13	184
696	14	264
696	15	51
698	1	264
698	2	184
698	3	184
698	4	242
698	5	49
698	6	49
698	7	99
698	8	99
700	1	271
700	2	271
700	3	264
700	4	274
700	5	273
700	6	187
700	7	160
700	8	160
700	9	273
700	10	187
700	11	97
700	12	126
702	1	120
702	2	273
702	3	273
702	4	52
702	5	273
702	6	52
702	7	53
702	8	53
702	9	52
702	10	51
702	11	80
702	12	80
702	13	264
702	14	264
702	15	88
702	16	104
702	17	88
704	1	52
704	2	51
704	3	51
704	4	51
704	5	51
704	6	271
704	7	271
704	8	264
704	9	53
704	10	66
704	11	120
704	12	275
704	13	88
705	1	160
705	2	120
705	3	66
705	4	51
705	5	51
705	6	160
705	7	273
705	8	160
705	9	273
705	10	273
705	11	264
705	12	80
705	13	271
705	14	49
705	15	177
705	16	177
705	17	177
705	18	88
708	1	273
708	2	273
708	3	160
708	4	120
708	5	273
708	6	160
708	7	181
708	8	271
708	9	273
708	10	15
708	11	15
708	12	15
708	13	15
708	14	99
708	15	264
708	16	264
708	17	88
709	1	224
709	2	134
709	3	5
709	4	118
709	5	204
709	6	134
712	1	52
712	2	52
712	3	66
712	4	52
712	5	52
712	6	184
712	7	49
712	8	177
712	9	88
712	10	264
712	11	49
712	12	88
714	1	120
714	2	265
714	3	250
714	4	29
714	5	118
714	6	265
714	7	52
714	8	160
714	9	53
714	10	52
714	11	52
715	1	120
715	2	52
715	3	53
715	4	52
715	5	247
715	6	53
715	7	99
715	8	264
715	9	264
716	1	52
716	2	120
716	3	53
716	4	53
716	5	51
716	6	53
716	7	53
716	8	53
716	9	264
716	10	184
716	11	184
716	12	126
717	1	160
717	2	120
717	3	53
717	4	53
717	5	52
717	6	52
717	7	184
717	8	71
717	9	184
718	1	120
718	2	52
718	3	126
718	4	264
718	5	51
718	6	126
718	7	88
718	8	51
718	9	264
719	1	120
719	2	273
719	3	27
719	4	88
719	5	53
719	6	52
723	1	120
723	2	51
723	3	66
723	4	160
723	5	273
723	6	52
723	7	51
723	8	264
723	9	271
723	10	80
723	11	275
723	12	273
725	1	66
725	2	88
725	3	88
726	1	271
726	2	264
726	3	66
726	4	88
726	5	88
726	6	52
726	7	177
726	8	52
726	9	120
726	10	52
726	11	53
726	12	120
726	13	51
726	14	88
728	1	224
728	2	134
728	3	80
728	4	271
728	5	203
728	6	53
728	7	120
728	8	203
731	1	60
731	2	168
731	3	57
731	4	34
732	1	160
732	2	160
732	3	160
732	4	66
732	5	15
732	6	264
732	7	275
732	8	273
732	9	80
736	1	52
736	2	66
736	3	275
736	4	27
736	5	51
736	6	120
736	7	160
736	8	66
736	9	120
736	10	126
736	11	264
736	12	271
736	13	80
736	14	275
736	15	88
737	1	118
737	2	223
737	3	62
737	4	66
737	5	53
737	6	51
737	7	51
737	8	187
737	9	120
737	10	274
738	1	53
738	2	120
738	3	53
738	4	52
738	5	275
738	6	53
738	7	27
738	8	88
739	1	55
739	2	271
739	3	118
739	4	224
739	5	224
739	6	60
739	7	134
739	8	274
742	1	135
742	2	273
742	3	273
742	4	273
742	5	160
742	6	66
742	7	126
742	8	264
742	9	58
754	1	120
754	2	273
754	3	160
754	4	222
754	5	118
754	6	160
754	7	62
767	1	120
767	2	160
767	3	160
767	4	273
767	5	160
767	6	273
767	7	122
767	8	160
767	9	15
767	10	88
768	1	120
768	2	52
768	3	52
768	4	52
768	5	15
768	6	15
768	7	224
768	8	118
768	9	118
768	10	99
768	11	204
778	1	52
778	2	88
779	1	52
779	2	88
779	3	59
779	4	271
779	5	120
779	6	264
780	1	53
780	2	88
781	1	53
781	2	88
783	1	53
783	2	88
784	1	53
784	2	88
784	3	264
784	4	187
784	5	184
786	1	53
786	2	88
786	3	99
788	1	53
788	2	88
788	3	122
789	1	52
789	2	275
789	3	120
789	4	120
789	5	264
790	1	52
790	2	88
791	1	53
791	2	88
792	1	52
792	2	88
792	3	187
792	4	264
793	1	51
793	2	264
793	3	118
793	4	124
794	1	53
794	2	88
795	1	13
795	2	88
796	1	13
797	1	52
797	2	88
797	3	59
797	4	264
798	1	53
798	2	88
799	1	53
799	2	224
799	3	134
799	4	88
800	1	53
800	2	88
800	3	274
800	4	275
801	1	53
801	2	88
801	3	59
802	1	53
802	2	88
803	1	52
803	2	122
803	3	120
803	4	66
803	5	264
804	1	53
804	2	88
805	1	53
805	2	88
806	1	53
806	2	60
806	3	275
806	4	134
806	5	88
806	6	122
807	1	53
807	2	88
808	1	52
808	2	88
809	1	53
809	2	53
810	1	52
810	2	88
811	1	53
811	2	88
811	3	264
811	4	274
811	5	271
812	1	53
812	2	59
812	3	271
812	4	264
812	5	88
813	1	52
813	2	60
813	3	204
813	4	204
813	5	88
815	1	53
815	2	88
815	3	204
815	4	60
817	1	53
817	2	88
817	3	118
817	4	204
817	5	204
818	1	53
818	2	88
818	3	118
818	4	204
818	5	204
819	1	53
819	2	60
819	3	118
819	4	118
819	5	204
819	6	204
821	1	53
821	2	224
821	3	88
821	4	122
822	1	52
822	2	60
822	3	275
822	4	275
822	5	88
823	1	53
823	2	88
824	1	52
824	2	88
825	1	52
825	2	59
825	3	264
825	4	184
825	5	191
825	6	88
826	1	53
826	2	60
826	3	134
826	4	118
827	1	53
827	2	264
827	3	88
828	1	52
828	2	275
828	3	184
828	4	88
828	5	271
828	6	271
828	7	66
828	8	120
828	9	264
829	1	53
829	2	264
829	3	51
829	4	275
829	5	88
830	1	53
830	2	88
830	3	59
831	1	53
831	2	184
831	3	264
831	4	275
832	1	53
832	2	60
832	3	275
832	4	88
833	1	52
833	2	60
833	3	275
833	4	62
833	5	62
833	6	118
833	7	88
834	1	242
834	2	53
834	3	118
834	4	118
834	5	62
835	1	53
835	2	88
835	3	59
836	1	52
836	2	88
837	1	52
837	2	88
837	3	264
837	4	59
838	1	52
838	2	88
838	3	126
838	4	264
841	1	52
841	2	52
841	3	126
841	4	275
841	5	184
841	6	264
841	7	271
841	8	88
842	1	52
842	2	273
842	3	53
842	4	264
842	5	271
842	6	88
843	1	53
843	2	264
843	3	271
843	4	88
844	1	135
844	2	52
844	3	88
845	1	53
845	2	120
845	3	184
845	4	264
845	5	271
845	6	52
846	1	53
846	2	88
846	3	184
846	4	274
846	5	264
847	1	52
847	2	120
847	3	120
847	4	271
847	5	264
847	6	88
848	1	52
848	2	126
848	3	264
848	4	88
849	1	53
849	2	88
849	3	264
850	1	53
850	2	88
850	3	264
850	4	59
851	1	52
851	2	120
851	3	271
851	4	264
851	5	264
851	6	88
851	7	275
852	1	53
852	2	88
852	3	271
852	4	264
852	5	275
853	1	52
853	2	275
853	3	264
853	4	184
853	5	88
854	1	52
854	2	264
854	3	88
855	1	52
855	2	264
855	3	88
855	4	184
856	1	52
856	2	118
856	3	249
856	4	249
857	1	53
857	2	51
857	3	264
857	4	88
858	1	53
858	2	88
858	3	51
858	4	126
859	1	52
859	2	88
859	3	126
861	1	51
861	2	88
862	1	52
862	2	52
862	3	275
862	4	264
862	5	88
863	1	53
863	2	271
863	3	88
863	4	275
863	5	264
863	6	274
864	1	53
864	2	51
864	3	88
865	1	53
865	2	184
865	3	271
865	4	88
865	5	274
865	6	264
865	7	173
868	1	52
868	2	88
868	3	274
869	1	53
869	2	275
869	3	88
869	4	122
871	1	53
871	2	275
871	3	275
871	4	126
871	5	99
871	6	99
871	7	264
871	8	126
872	1	120
872	2	52
872	3	88
873	1	52
873	2	88
873	3	52
873	4	187
875	1	53
875	2	51
875	3	51
875	4	88
875	5	88
879	1	52
879	2	275
879	3	184
879	4	51
879	5	66
879	6	271
879	7	271
879	8	88
885	1	53
885	2	53
885	3	264
885	4	88
892	1	52
892	2	88
892	3	52
892	4	264
893	1	52
893	2	88
893	3	66
893	4	275
893	5	264
894	1	53
894	2	120
894	3	53
894	4	88
895	1	52
895	2	126
895	3	66
895	4	88
895	5	51
895	6	88
895	7	184
896	1	52
896	2	88
897	1	66
897	2	53
897	3	51
897	4	126
899	1	53
899	2	120
899	3	126
899	4	88
899	5	88
900	1	53
900	2	88
900	3	120
900	4	126
901	1	52
901	2	88
901	3	118
901	4	204
904	1	52
904	2	118
904	3	204
905	1	52
905	2	118
905	3	204
905	4	177
905	5	122
906	1	53
906	2	118
906	3	118
906	4	88
906	5	204
906	6	204
906	7	204
907	1	52
907	2	118
907	3	118
907	4	204
907	5	88
908	1	53
908	2	118
908	3	204
908	4	204
908	5	88
909	1	52
909	2	88
909	3	118
910	1	52
910	2	88
910	3	52
910	4	122
912	1	52
912	2	118
912	3	204
912	4	204
912	5	204
914	1	53
914	2	88
915	1	53
915	2	88
916	1	52
916	2	88
916	3	126
917	1	53
917	2	124
917	3	122
918	1	52
918	2	88
919	1	52
919	2	88
919	3	126
921	1	52
921	2	120
921	3	52
921	4	88
922	1	52
922	2	118
922	3	118
922	4	204
922	5	204
922	6	204
922	7	88
923	1	52
923	2	118
923	3	204
923	4	204
923	5	88
924	1	52
924	2	223
924	3	118
924	4	204
924	5	204
925	1	53
925	2	88
925	3	118
925	4	204
925	5	204
926	1	53
926	2	88
926	3	118
926	4	204
926	5	204
926	6	204
927	1	53
927	2	124
927	3	118
927	4	88
928	1	53
928	2	124
928	3	118
929	1	53
929	2	134
929	3	118
929	4	118
929	5	124
929	6	88
930	1	53
930	2	118
930	3	88
931	1	52
931	2	88
932	1	52
932	2	59
932	3	88
933	1	52
933	2	88
934	1	52
934	2	88
935	1	52
935	2	88
935	3	59
936	1	52
936	2	88
936	3	59
937	1	52
937	2	88
938	1	52
938	2	59
938	3	59
939	1	52
939	2	124
939	3	88
941	1	52
941	2	118
941	3	62
941	4	59
942	1	273
942	2	124
942	3	118
942	4	118
942	5	134
942	6	204
942	7	88
943	1	52
943	2	88
943	3	118
943	4	59
944	1	53
944	2	124
944	3	118
944	4	118
947	1	53
947	2	88
947	3	118
947	4	118
947	5	62
948	1	52
948	2	118
948	3	88
949	1	53
949	2	124
949	3	88
950	1	53
950	2	124
950	3	142
951	1	53
951	2	124
951	3	142
952	1	53
952	2	124
952	3	88
953	1	53
953	2	88
953	3	124
953	4	142
955	1	53
955	2	88
955	3	142
955	4	118
955	5	124
957	1	53
957	2	124
957	3	88
957	4	62
958	1	53
958	2	124
958	3	142
959	1	53
959	2	124
959	3	88
960	1	52
960	2	88
960	3	59
961	1	52
961	2	88
961	3	59
962	1	53
962	2	224
962	3	88
963	1	53
963	2	88
963	3	136
965	1	52
965	2	88
965	3	62
966	1	60
966	2	52
966	3	88
966	4	29
966	5	131
967	1	52
967	2	88
967	3	258
967	4	124
969	1	52
969	2	88
969	3	118
970	1	52
970	2	88
971	1	52
971	2	88
991	1	52
991	2	88
991	3	181
992	1	51
992	2	88
992	3	181
993	1	52
993	2	88
993	3	59
994	1	52
994	2	88
994	3	274
995	1	53
995	2	124
995	3	274
995	4	88
996	1	53
996	2	124
996	3	88
997	1	52
997	2	88
998	1	52
998	2	88
998	3	264
999	1	52
999	2	265
999	3	118
999	4	88
999	5	118
999	6	59
