112	1	120
112	2	204
112	3	204
112	4	29
112	5	29
112	6	62
112	7	273
112	8	53
112	9	53
112	10	195
112	11	225
116	1	160
116	2	160
116	3	118
116	4	204
25	1	29
25	2	60
25	3	31
25	4	254
25	5	182
25	6	60
25	7	60
25	8	43
25	9	120
25	10	66
25	11	203
25	12	271
26	1	31
26	2	60
26	3	251
26	4	43
26	5	120
26	6	120
26	7	182
28	1	60
28	2	235
28	3	131
32	1	57
32	2	131
32	3	83
32	4	83
33	1	225
33	2	251
33	3	268
33	4	265
33	5	258
35	1	60
35	2	268
35	3	258
35	4	66
38	1	60
38	2	268
40	1	60
40	2	118
40	3	62
40	4	258
42	1	60
42	2	55
42	3	31
42	4	31
42	5	43
42	6	120
42	7	238
42	8	31
42	9	271
42	10	80
42	11	66
45	1	55
45	2	31
45	3	224
45	4	224
47	1	60
47	2	31
47	3	31
47	4	55
47	5	43
47	6	246
47	7	271
47	8	66
48	1	224
48	2	60
48	3	224
48	4	55
48	5	31
48	6	31
48	7	120
48	8	43
48	9	246
48	10	120
49	1	227
49	2	225
49	3	251
49	4	182
49	5	182
49	6	265
49	7	187
49	8	209
49	9	187
51	1	224
51	2	31
51	3	251
51	4	182
51	5	182
51	6	182
51	7	271
51	8	83
52	1	258
52	2	29
52	3	24
52	4	224
52	5	266
52	6	265
52	7	274
53	1	224
53	2	83
53	3	117
54	1	248
54	2	203
54	3	29
54	4	29
54	5	245
54	6	225
54	7	225
546	1	273
546	2	160
546	3	273
546	4	273
546	5	122
546	6	271
546	7	271
546	8	264
546	9	99
546	10	187
546	11	187
546	12	187
546	13	264
546	14	88
55	1	250
55	2	134
55	3	250
55	4	55
55	5	83
55	6	83
55	7	238
55	8	224
55	9	60
56	1	55
56	2	224
56	3	222
56	4	58
56	5	246
56	6	246
57	1	105
57	2	250
57	3	250
57	4	203
57	5	250
57	6	251
57	7	31
57	8	60
57	9	117
57	10	43
58	1	103
58	2	117
58	3	34
58	4	34
58	5	31
58	6	60
58	7	34
58	8	61
58	9	271
58	10	94
59	1	233
59	2	250
59	3	31
59	4	238
59	5	222
59	6	61
60	1	225
60	2	31
60	3	31
60	4	238
60	5	43
60	6	222
60	7	222
60	8	66
60	9	120
60	10	195
60	11	120
60	12	29
61	1	238
61	2	260
61	3	43
61	4	43
61	5	251
61	6	254
61	7	254
61	8	43
61	9	160
62	1	60
62	2	57
62	3	241
62	4	256
62	5	256
63	1	224
63	2	60
63	3	105
63	4	117
63	5	31
63	6	251
63	7	94
63	8	94
63	9	251
64	1	258
64	2	204
64	3	62
64	4	265
64	5	223
646	1	187
646	2	120
646	3	120
646	4	99
646	5	226
646	6	195
651	1	120
651	2	136
651	3	225
651	4	118
651	5	204
651	6	118
651	7	204
651	8	204
651	9	160
651	10	160
651	11	160
651	12	204
652	1	120
652	2	118
652	3	134
652	4	271
652	5	109
652	6	52
652	7	52
652	8	88
652	9	88
652	10	222
652	11	222
655	1	120
655	2	52
655	3	53
655	4	53
655	5	52
655	6	88
656	1	224
656	2	62
656	3	187
656	4	160
66	1	265
66	2	62
66	3	204
661	1	134
661	2	117
661	3	66
661	4	222
661	5	224
661	6	271
662	1	120
662	2	52
662	3	53
662	4	53
662	5	52
662	6	53
662	7	99
662	8	134
662	9	134
662	10	131
662	11	250
662	12	250
662	13	80
662	14	58
663	1	131
663	2	120
663	3	126
663	4	160
663	5	160
663	6	160
663	7	160
663	8	160
663	9	99
663	10	27
663	11	242
663	12	264
663	13	264
663	14	264
663	15	264
664	1	120
664	2	52
664	3	52
664	4	88
664	5	71
664	6	88
668	1	52
668	2	52
668	3	52
668	4	52
668	5	120
668	6	88
668	7	88
668	8	88
668	9	120
668	10	88
669	1	53
669	2	66
669	3	88
669	4	126
669	5	122
671	1	273
671	2	273
671	3	187
671	4	104
671	5	264
672	1	120
672	2	160
672	3	51
672	4	52
672	5	273
672	6	273
672	7	53
672	8	88
672	9	88
672	10	88
672	11	88
674	1	53
674	2	120
674	3	53
674	4	120
674	5	51
674	6	88
674	7	88
674	8	88
674	9	99
674	10	264
676	1	66
676	2	120
676	3	264
676	4	271
676	5	271
676	6	53
676	7	52
676	8	52
676	9	126
676	10	122
676	11	126
678	1	66
678	2	88
678	3	122
678	4	10
678	5	51
678	6	275
678	7	51
678	8	275
679	1	66
679	2	126
679	3	273
679	4	271
679	5	126
679	6	122
682	1	51
682	2	135
682	3	120
682	4	66
682	5	66
682	6	66
682	7	160
682	8	51
682	9	275
682	10	173
682	11	271
682	12	271
682	13	264
683	1	273
683	2	273
683	3	273
683	4	99
683	5	264
683	6	264
683	7	88
683	8	88
683	9	80
683	10	88
684	1	52
684	2	53
684	3	120
685	1	184
685	2	40
685	3	184
685	4	184
685	5	274
686	1	52
686	2	53
686	3	247
686	4	247
686	5	120
686	6	53
686	7	52
686	8	273
686	9	66
686	10	184
686	11	264
686	12	88
686	13	122
686	14	126
687	1	224
687	2	131
687	3	57
687	4	83
687	5	206
687	6	206
687	7	134
687	8	134
689	1	120
689	2	224
689	3	168
689	4	118
689	5	204
689	6	52
689	7	52
689	8	51
689	9	160
689	10	273
689	11	53
690	1	224
690	2	168
690	3	118
690	4	118
690	5	120
690	6	51
690	7	160
690	8	52
690	9	273
690	10	134
692	1	264
692	2	271
692	3	271
692	4	264
692	5	160
692	6	273
692	7	273
692	8	264
692	9	99
692	10	99
692	11	99
693	1	53
693	2	53
693	3	88
693	4	88
693	5	224
693	6	118
693	7	204
693	8	273
694	1	160
694	2	224
694	3	57
694	4	160
694	5	43
694	6	203
694	7	203
694	8	88
696	1	160
696	2	160
696	3	66
696	4	39
696	5	160
696	6	273
696	7	39
696	8	53
696	9	52
696	10	53
696	11	124
696	12	53
696	13	184
696	14	264
696	15	51
698	1	264
698	2	184
698	3	184
698	4	242
698	5	49
698	6	49
698	7	99
698	8	99
700	1	271
700	2	271
700	3	264
700	4	274
700	5	273
700	6	187
700	7	160
700	8	160
700	9	273
700	10	187
700	11	97
700	12	126
702	1	120
702	2	273
702	3	273
702	4	52
702	5	273
702	6	52
702	7	53
702	8	53
702	9	52
702	10	51
702	11	80
702	12	80
702	13	264
702	14	264
702	15	88
702	16	104
702	17	88
704	1	52
704	2	51
704	3	51
704	4	51
704	5	51
704	6	271
704	7	271
704	8	264
704	9	53
704	10	66
704	11	120
704	12	275
704	13	88
705	1	160
705	2	120
705	3	66
705	4	51
705	5	51
705	6	160
705	7	273
705	8	160
705	9	273
705	10	273
705	11	264
705	12	80
705	13	271
705	14	49
705	15	177
705	16	177
705	17	177
705	18	88
708	1	273
708	2	273
708	3	160
708	4	120
708	5	273
708	6	160
708	7	181
708	8	271
708	9	273
708	10	15
708	11	15
708	12	15
708	13	15
708	14	99
708	15	264
708	16	264
708	17	88
709	1	224
709	2	134
709	3	5
709	4	118
709	5	204
709	6	134
712	1	52
712	2	52
712	3	66
712	4	52
712	5	52
712	6	184
712	7	49
712	8	177
712	9	88
712	10	264
712	11	49
712	12	88
714	1	120
714	2	265
714	3	250
714	4	29
714	5	118
714	6	265
714	7	52
714	8	160
714	9	53
714	10	52
714	11	52
715	1	120
715	2	52
715	3	53
715	4	52
715	5	247
715	6	53
715	7	99
715	8	264
715	9	264
716	1	52
716	2	120
716	3	53
716	4	53
716	5	51
716	6	53
716	7	53
716	8	53
716	9	264
716	10	184
716	11	184
716	12	126
717	1	160
717	2	120
717	3	53
717	4	53
717	5	52
717	6	52
717	7	184
717	8	71
717	9	184
718	1	120
718	2	52
718	3	126
718	4	264
718	5	51
718	6	126
718	7	88
718	8	51
718	9	264
719	1	120
719	2	273
719	3	27
719	4	88
719	5	53
719	6	52
723	1	120
723	2	51
723	3	66
723	4	160
723	5	273
723	6	52
723	7	51
723	8	264
723	9	271
723	10	80
723	11	275
723	12	273
725	1	66
725	2	88
725	3	88
726	1	271
726	2	264
726	3	66
726	4	88
726	5	88
726	6	52
726	7	177
726	8	52
726	9	120
726	10	52
726	11	53
726	12	120
726	13	51
726	14	88
728	1	224
728	2	134
728	3	80
728	4	271
728	5	203
728	6	53
728	7	120
728	8	203
731	1	60
731	2	168
731	3	57
731	4	34
732	1	160
732	2	160
732	3	160
732	4	66
732	5	15
732	6	264
732	7	275
732	8	273
732	9	80
736	1	52
736	2	66
736	3	275
736	4	27
736	5	51
736	6	120
736	7	160
736	8	66
736	9	120
736	10	126
736	11	264
736	12	271
736	13	80
736	14	275
736	15	88
737	1	118
737	2	223
737	3	62
737	4	66
737	5	53
737	6	51
737	7	51
737	8	187
737	9	120
737	10	274
738	1	53
738	2	120
738	3	53
738	4	52
738	5	275
738	6	53
738	7	27
738	8	88
739	1	55
739	2	271
739	3	118
739	4	224
739	5	224
739	6	60
739	7	134
739	8	274
742	1	135
742	2	273
742	3	273
742	4	273
742	5	160
742	6	66
742	7	126
742	8	264
742	9	58
754	1	120
754	2	273
754	3	160
754	4	222
754	5	118
754	6	160
754	7	62
767	1	120
767	2	160
767	3	160
767	4	273
767	5	160
767	6	273
767	7	122
767	8	160
767	9	15
767	10	88
768	1	120
768	2	52
768	3	52
768	4	52
768	5	15
768	6	15
768	7	224
768	8	118
768	9	118
768	10	99
768	11	204
778	1	52
778	2	88
779	1	52
779	2	88
779	3	59
779	4	271
779	5	120
779	6	264
780	1	53
780	2	88
781	1	53
781	2	88
783	1	53
783	2	88
784	1	53
784	2	88
784	3	264
784	4	187
784	5	184
786	1	53
786	2	88
786	3	99
788	1	53
788	2	88
788	3	122
789	1	52
789	2	275
789	3	120
789	4	120
789	5	264
790	1	52
790	2	88
791	1	53
791	2	88
792	1	52
792	2	88
792	3	187
792	4	264
793	1	51
793	2	264
793	3	118
793	4	124
794	1	53
794	2	88
795	1	13
795	2	88
796	1	13
797	1	52
797	2	88
797	3	59
797	4	264
798	1	53
798	2	88
799	1	53
799	2	224
799	3	134
799	4	88
800	1	53
800	2	88
800	3	274
800	4	275
801	1	53
801	2	88
801	3	59
802	1	53
802	2	88
803	1	52
803	2	122
803	3	120
803	4	66
803	5	264
804	1	53
804	2	88
805	1	53
805	2	88
806	1	53
806	2	60
806	3	275
806	4	134
806	5	88
806	6	122
807	1	53
807	2	88
808	1	52
808	2	88
809	1	53
809	2	53
810	1	52
810	2	88
811	1	53
811	2	88
811	3	264
811	4	274
811	5	271
812	1	53
812	2	59
812	3	271
812	4	264
812	5	88
813	1	52
813	2	60
813	3	204
813	4	204
813	5	88
815	1	53
815	2	88
815	3	204
815	4	60
817	1	53
817	2	88
817	3	118
817	4	204
817	5	204
818	1	53
818	2	88
818	3	118
818	4	204
818	5	204
819	1	53
819	2	60
819	3	118
819	4	118
819	5	204
819	6	204
821	1	53
821	2	224
821	3	88
821	4	122
822	1	52
822	2	60
822	3	275
822	4	275
822	5	88
823	1	53
823	2	88
824	1	52
824	2	88
825	1	52
825	2	59
825	3	264
825	4	184
825	5	191
825	6	88
826	1	53
826	2	60
826	3	134
826	4	118
827	1	53
827	2	264
827	3	88
828	1	52
828	2	275
828	3	184
828	4	88
828	5	271
828	6	271
828	7	66
828	8	120
828	9	264
829	1	53
829	2	264
829	3	51
829	4	275
829	5	88
830	1	53
830	2	88
830	3	59
831	1	53
831	2	184
831	3	264
831	4	275
832	1	53
832	2	60
832	3	275
832	4	88
833	1	52
833	2	60
833	3	275
833	4	62
833	5	62
833	6	118
833	7	88
834	1	242
834	2	53
834	3	118
834	4	118
834	5	62
835	1	53
835	2	88
835	3	59
836	1	52
836	2	88
837	1	52
837	2	88
837	3	264
837	4	59
838	1	52
838	2	88
838	3	126
838	4	264
841	1	52
841	2	52
841	3	126
841	4	275
841	5	184
841	6	264
841	7	271
841	8	88
842	1	52
842	2	273
842	3	53
842	4	264
842	5	271
842	6	88
843	1	53
843	2	264
843	3	271
843	4	88
844	1	135
844	2	52
844	3	88
845	1	53
845	2	120
845	3	184
845	4	264
845	5	271
845	6	52
846	1	53
846	2	88
846	3	184
846	4	274
846	5	264
847	1	52
847	2	120
847	3	120
847	4	271
847	5	264
847	6	88
848	1	52
848	2	126
848	3	264
848	4	88
849	1	53
849	2	88
849	3	264
850	1	53
850	2	88
850	3	264
850	4	59
851	1	52
851	2	120
851	3	271
851	4	264
851	5	264
851	6	88
851	7	275
852	1	53
852	2	88
852	3	271
852	4	264
852	5	275
853	1	52
853	2	275
853	3	264
853	4	184
853	5	88
854	1	52
854	2	264
854	3	88
855	1	52
855	2	264
855	3	88
855	4	184
856	1	52
856	2	118
856	3	249
856	4	249
857	1	53
857	2	51
857	3	264
857	4	88
858	1	53
858	2	88
858	3	51
858	4	126
859	1	52
859	2	88
859	3	126
861	1	51
861	2	88
862	1	52
862	2	52
862	3	275
862	4	264
862	5	88
863	1	53
863	2	271
863	3	88
863	4	275
863	5	264
863	6	274
864	1	53
864	2	51
864	3	88
865	1	53
865	2	184
865	3	271
865	4	88
865	5	274
865	6	264
865	7	173
868	1	52
868	2	88
868	3	274
869	1	53
869	2	275
869	3	88
869	4	122
871	1	53
871	2	275
871	3	275
871	4	126
871	5	99
871	6	99
871	7	264
871	8	126
872	1	120
872	2	52
872	3	88
873	1	52
873	2	88
873	3	52
873	4	187
875	1	53
875	2	51
875	3	51
875	4	88
875	5	88
879	1	52
879	2	275
879	3	184
879	4	51
879	5	66
879	6	271
879	7	271
879	8	88
885	1	53
885	2	53
885	3	264
885	4	88
892	1	52
892	2	88
892	3	52
892	4	264
893	1	52
893	2	88
893	3	66
893	4	275
893	5	264
894	1	53
894	2	120
894	3	53
894	4	88
895	1	52
895	2	126
895	3	66
895	4	88
895	5	51
895	6	88
895	7	184
896	1	52
896	2	88
897	1	66
897	2	53
897	3	51
897	4	126
899	1	53
899	2	120
899	3	126
899	4	88
899	5	88
900	1	53
900	2	88
900	3	120
900	4	126
901	1	52
901	2	88
901	3	118
901	4	204
904	1	52
904	2	118
904	3	204
905	1	52
905	2	118
905	3	204
905	4	177
905	5	122
906	1	53
906	2	118
906	3	118
906	4	88
906	5	204
906	6	204
906	7	204
907	1	52
907	2	118
907	3	118
907	4	204
907	5	88
908	1	53
908	2	118
908	3	204
908	4	204
908	5	88
909	1	52
909	2	88
909	3	118
910	1	52
910	2	88
910	3	52
910	4	122
912	1	52
912	2	118
912	3	204
912	4	204
912	5	204
914	1	53
914	2	88
915	1	53
915	2	88
916	1	52
916	2	88
916	3	126
917	1	53
917	2	124
917	3	122
918	1	52
918	2	88
919	1	52
919	2	88
919	3	126
921	1	52
921	2	120
921	3	52
921	4	88
922	1	52
922	2	118
922	3	118
922	4	204
922	5	204
922	6	204
922	7	88
923	1	52
923	2	118
923	3	204
923	4	204
923	5	88
924	1	52
924	2	223
924	3	118
924	4	204
924	5	204
925	1	53
925	2	88
925	3	118
925	4	204
925	5	204
926	1	53
926	2	88
926	3	118
926	4	204
926	5	204
926	6	204
927	1	53
927	2	124
927	3	118
927	4	88
928	1	53
928	2	124
928	3	118
929	1	53
929	2	134
929	3	118
929	4	118
929	5	124
929	6	88
930	1	53
930	2	118
930	3	88
931	1	52
931	2	88
932	1	52
932	2	59
932	3	88
933	1	52
933	2	88
934	1	52
934	2	88
935	1	52
935	2	88
935	3	59
936	1	52
936	2	88
936	3	59
937	1	52
937	2	88
938	1	52
938	2	59
938	3	59
939	1	52
939	2	124
939	3	88
941	1	52
941	2	118
941	3	62
941	4	59
942	1	273
942	2	124
942	3	118
942	4	118
942	5	134
942	6	204
942	7	88
943	1	52
943	2	88
943	3	118
943	4	59
944	1	53
944	2	124
944	3	118
944	4	118
947	1	53
947	2	88
947	3	118
947	4	118
947	5	62
948	1	52
948	2	118
948	3	88
949	1	53
949	2	124
949	3	88
950	1	53
950	2	124
950	3	142
951	1	53
951	2	124
951	3	142
952	1	53
952	2	124
952	3	88
953	1	53
953	2	88
953	3	124
953	4	142
955	1	53
955	2	88
955	3	142
955	4	118
955	5	124
957	1	53
957	2	124
957	3	88
957	4	62
958	1	53
958	2	124
958	3	142
959	1	53
959	2	124
959	3	88
960	1	52
960	2	88
960	3	59
961	1	52
961	2	88
961	3	59
962	1	53
962	2	224
962	3	88
963	1	53
963	2	88
963	3	136
965	1	52
965	2	88
965	3	62
966	1	60
966	2	52
966	3	88
966	4	29
966	5	131
967	1	52
967	2	88
967	3	258
967	4	124
969	1	52
969	2	88
969	3	118
970	1	52
970	2	88
971	1	52
971	2	88
991	1	52
991	2	88
991	3	181
992	1	51
992	2	88
992	3	181
993	1	52
993	2	88
993	3	59
994	1	52
994	2	88
994	3	274
995	1	53
995	2	124
995	3	274
995	4	88
996	1	53
996	2	124
996	3	88
997	1	52
997	2	88
998	1	52
998	2	88
998	3	264
999	1	52
999	2	265
999	3	118
999	4	88
999	5	118
999	6	59
1000	1	52
1000	2	59
1000	3	124
1000	4	88
1000	5	264
1001	1	52
1001	2	88
1001	3	59
1001	4	124
1001	5	264
1003	1	53
1003	2	88
1003	3	59
1003	4	59
1003	5	124
1003	6	225
1004	1	52
1004	2	59
1004	3	124
1004	4	88
1004	5	264
1005	1	52
1005	2	59
1005	3	59
1005	4	88
1005	5	225
1005	6	118
1005	7	117
1006	1	59
1006	2	53
1006	3	124
1006	4	88
1006	5	264
1007	1	52
1007	2	59
1007	3	88
1007	4	124
1007	5	264
1008	1	53
1008	2	59
1008	3	88
1008	4	124
1008	5	264
1009	1	52
1009	2	59
1009	3	59
1009	4	88
1009	5	122
1009	6	264
1010	1	52
1010	2	59
1010	3	59
1010	4	88
1010	5	122
1010	6	122
1010	7	264
1011	1	53
1011	2	59
1011	3	88
1015	1	153
1015	2	153
1015	3	204
1015	4	210
1026	1	19
1026	2	275
1026	3	147
1026	4	123
1026	5	264
1026	6	264
1029	1	19
1029	2	49
1029	3	181
1029	4	160
1029	5	264
1029	6	264
1030	1	33
1030	2	225
1030	3	83
1030	4	147
1030	5	147
1030	6	195
1033	1	83
1033	2	105
1033	3	225
1033	4	99
1037	1	19
1037	2	19
1037	3	147
1037	4	243
1037	5	21
1037	6	72
1037	7	264
1037	8	98
1039	1	19
1039	2	72
1039	3	242
1039	4	98
1039	5	264
1039	6	72
1039	7	147
1039	8	242
1040	1	195
1040	2	264
1040	3	264
1040	4	264
1040	5	83
1041	1	31
1041	2	250
1041	3	182
1041	4	182
1041	5	224
1041	6	224
1049	1	224
1049	2	37
1049	3	134
1053	1	19
1053	2	275
1053	3	147
1053	4	264
1056	1	191
1056	2	31
1056	3	222
1056	4	195
1056	5	94
1056	6	94
1056	7	94
1056	8	94
1056	9	94
1060	1	195
1060	2	241
1060	3	191
1060	4	80
1060	5	80
1060	6	271
1060	7	271
1060	8	149
1060	9	149
1060	10	83
1069	1	19
1069	2	173
1069	3	80
1069	4	173
1069	5	72
1069	6	264
1071	1	117
1071	2	233
1071	3	103
1071	4	251
1071	5	134
1071	6	224
1071	7	224
1072	1	250
1072	2	250
1072	3	99
1072	4	271
1072	5	271
1072	6	271
1072	7	80
1072	8	117
1072	9	224
1072	10	224
1072	11	31
1074	1	117
1074	2	192
1074	3	191
1074	4	118
1074	5	61
1074	6	61
1074	7	264
1074	8	80
1074	9	83
1075	1	19
1075	2	19
1075	3	99
1075	4	147
1075	5	80
1075	6	264
1075	7	264
1079	1	271
1079	2	271
1079	3	271
1079	4	271
1079	5	83
1079	6	224
1079	7	224
1081	1	258
1081	2	251
1081	3	251
1081	4	117
1081	5	36
1081	6	36
1081	7	36
1081	8	36
1081	9	117
1084	1	19
1084	2	61
1084	3	147
1084	4	242
1084	5	275
1084	6	181
1084	7	181
1084	8	264
1084	9	264
1085	1	19
1085	2	19
1085	3	72
1085	4	80
1085	5	264
1085	6	181
1086	1	19
1086	2	19
1086	3	49
1086	4	147
1086	5	72
1086	6	264
1086	7	274
1087	1	19
1087	2	19
1087	3	243
1087	4	147
1087	5	72
1087	6	72
1087	7	264
1088	1	19
1088	2	19
1088	3	275
1088	4	181
1088	5	87
1088	6	264
1089	1	117
1089	2	250
1089	3	251
1089	4	251
1089	5	258
1089	6	54
1089	7	36
1089	8	224
1089	9	60
1090	1	83
1090	2	271
1090	3	80
1090	4	224
1091	1	271
1091	2	271
1091	3	271
1091	4	271
1091	5	271
1091	6	80
1091	7	34
1091	8	31
1091	9	271
1091	10	60
1091	11	60
1091	12	195
1092	1	60
1092	2	60
1092	3	60
1092	4	224
1092	5	83
1092	6	271
1092	7	271
1092	8	271
1092	9	271
1094	1	83
1094	2	99
1094	3	181
1094	4	271
1094	5	168
1094	6	250
1094	7	187
1094	8	60
1096	1	182
1096	2	182
1096	3	224
1096	4	224
1096	5	271
1096	6	264
1096	7	264
1096	8	80
1096	9	134
1096	10	134
1096	11	250
1098	1	264
1098	2	80
1098	3	271
1098	4	222
1098	5	187
1098	6	83
1099	1	99
1099	2	80
1099	3	271
1099	4	271
1099	5	271
1099	6	271
1099	7	61
1099	8	225
1099	9	31
1100	1	19
1100	2	19
1100	3	80
1100	4	181
1100	5	101
1100	6	98
1100	7	264
1100	8	264
1101	1	19
1101	2	264
1101	3	243
1101	4	275
1101	5	98
1101	6	72
1101	7	275
1103	1	19
1103	2	98
1103	3	72
1103	4	72
1103	5	264
1106	1	31
1106	2	31
1106	3	31
1106	4	225
1107	1	21
1107	2	19
1107	3	264
1107	4	147
1107	5	72
1107	6	173
1107	7	181
1108	1	43
1108	2	31
1108	3	264
1108	4	225
1109	1	19
1109	2	147
1109	3	264
1109	4	72
1109	5	49
1109	6	271
1109	7	242
1110	1	225
1110	2	31
1110	3	31
1111	1	19
1111	2	98
1111	3	72
1111	4	72
1111	5	242
1111	6	192
1111	7	147
1111	8	147
1111	9	264
1111	10	98
1111	11	184
1113	1	43
1113	2	31
1113	3	83
1113	4	191
1113	5	191
1113	6	195
1113	7	31
1113	8	225
1113	9	271
1114	1	19
1114	2	242
1114	3	243
1114	4	72
1114	5	181
1114	6	181
1114	7	98
1114	8	242
1114	9	264
1114	10	147
1114	11	264
1115	1	43
1115	2	43
1115	3	238
1115	4	271
1115	5	222
1115	6	83
1115	7	250
1115	8	250
1116	1	98
1116	2	19
1116	3	19
1116	4	147
1116	5	147
1116	6	49
1116	7	72
1116	8	264
1116	9	173
1117	1	271
1117	2	271
1117	3	271
1117	4	271
1117	5	271
1117	6	271
1117	7	271
1117	8	83
1117	9	250
1117	10	191
1117	11	191
1118	1	19
1118	2	19
1118	3	19
1118	4	173
1118	5	72
1118	6	72
1118	7	72
1119	1	43
1119	2	80
1119	3	271
1119	4	181
1119	5	195
1119	6	83
1119	7	83
1121	1	191
1121	2	80
1121	3	264
1121	4	80
1121	5	83
1121	6	173
1121	7	173
1122	1	19
1122	2	72
1122	3	264
1122	4	264
1123	1	36
1123	2	117
1123	3	250
1123	4	251
1123	5	203
1123	6	224
1124	1	19
1124	2	72
1124	3	274
1124	4	275
1124	5	147
1125	1	271
1125	2	80
1125	3	258
1125	4	258
1125	5	136
1125	6	206
1125	7	225
1125	8	225
1125	9	225
1126	1	19
1126	2	87
1126	3	72
1126	4	274
1126	5	72
1127	1	264
1127	2	191
1127	3	191
1127	4	250
1127	5	225
1127	6	264
1127	7	195
1128	1	19
1128	2	19
1128	3	271
1128	4	271
1128	5	274
1128	6	275
1129	1	61
1129	2	101
1129	3	101
1129	4	101
1129	5	225
1129	6	225
1129	7	148
1129	8	148
1129	9	87
1129	10	87
1131	1	19
1131	2	72
1131	3	271
1131	4	264
1131	5	243
1132	1	250
1132	2	90
1132	3	195
1132	4	83
1132	5	225
1132	6	195
1133	1	19
1133	2	19
1133	3	98
1133	4	264
1133	5	275
1133	6	147
1134	1	117
1134	2	36
1134	3	36
1134	4	90
1134	5	168
1134	6	224
1134	7	206
1134	8	60
1134	9	60
1134	10	60
1134	11	54
1134	12	206
1136	1	118
1136	2	258
1136	3	250
1136	4	225
1136	5	271
1136	6	271
1136	7	134
1137	1	19
1137	2	19
1137	3	72
1137	4	264
1137	5	147
1137	6	275
1137	7	98
1137	8	98
1138	1	191
1138	2	258
1138	3	241
1138	4	206
1138	5	83
1138	6	80
1138	7	271
1138	8	99
1139	1	19
1139	2	19
1139	3	101
1139	4	49
1139	5	72
1139	6	147
1139	7	147
1139	8	264
1139	9	264
1140	1	105
1140	2	99
1140	3	192
1140	4	271
1140	5	271
1140	6	271
1140	7	191
1140	8	134
1140	9	191
1142	1	19
1142	2	19
1142	3	147
1142	4	181
1142	5	275
1142	6	264
1143	1	250
1143	2	34
1143	3	34
1143	4	60
1143	5	224
1143	6	31
1143	7	250
1144	1	19
1144	2	98
1144	3	99
1144	4	99
1144	5	275
1144	6	147
1144	7	264
1145	1	182
1145	2	250
1145	3	250
1145	4	83
1145	5	225
1146	1	19
1146	2	72
1146	3	19
1146	4	98
1146	5	275
1146	6	147
1146	7	264
1147	1	173
1147	2	99
1147	3	80
1147	4	192
1147	5	61
1147	6	61
1147	7	61
1147	8	83
1148	1	19
1148	2	101
1148	3	173
1148	4	264
1149	1	61
1149	2	61
1149	3	80
1149	4	83
1149	5	99
1149	6	192
1152	1	19
1152	2	98
1152	3	275
1152	4	275
1152	5	147
1152	6	147
1152	7	264
1153	1	19
1153	2	98
1153	3	243
1153	4	275
1153	5	28
1153	6	264
1154	1	271
1154	2	271
1154	3	134
1154	4	191
1155	1	173
1155	2	98
1155	3	19
1155	4	72
1155	5	49
1155	6	49
1155	7	264
1156	1	241
1156	2	117
1156	3	191
1156	4	134
1156	5	224
1156	6	225
1157	1	19
1157	2	19
1157	3	98
1157	4	173
1157	5	72
1157	6	72
1157	7	264
1157	8	72
1158	1	258
1158	2	258
1158	3	31
1158	4	173
1158	5	173
1158	6	173
1159	1	19
1159	2	264
1159	3	271
1159	4	72
1159	5	275
1159	6	264
1159	7	147
1159	8	173
1160	1	238
1160	2	222
1160	3	271
1160	4	90
1160	5	250
1160	6	134
1166	1	19
1166	2	19
1166	3	264
1166	4	99
1167	1	99
1167	2	49
1167	3	49
1167	4	49
1167	5	258
1167	6	61
1167	7	271
1167	8	87
1168	1	19
1168	2	99
1168	3	275
1168	4	275
1168	5	243
1168	6	72
1168	7	264
1169	1	43
1169	2	43
1169	3	80
1169	4	271
1169	5	271
1169	6	31
1169	7	31
1169	8	31
1169	9	60
1169	10	224
1170	1	80
1170	2	19
1170	3	72
1170	4	87
1170	5	264
1170	6	101
1170	7	264
1171	1	118
1171	2	191
1171	3	258
1171	4	250
1171	5	136
1171	6	225
1171	7	258
1171	8	49
1172	1	19
1172	2	19
1172	3	87
1172	4	271
1172	5	99
1172	6	264
1175	1	19
1175	2	87
1175	3	173
1175	4	275
1175	5	99
1175	6	264
1176	1	191
1176	2	149
1176	3	61
1176	4	61
1176	5	80
1176	6	271
1176	7	271
1176	8	271
1176	9	271
1176	10	80
1176	11	206
1176	12	31
1176	13	206
1177	1	43
1177	2	43
1177	3	250
1177	4	31
1177	5	61
1177	6	160
1177	7	222
1177	8	225
1177	9	195
1179	1	173
1179	2	242
1179	3	173
1179	4	99
1179	5	19
1179	6	99
1179	7	264
1183	1	19
1183	2	275
1183	3	101
1183	4	275
1183	5	147
1183	6	147
1183	7	264
1184	1	99
1184	2	250
1184	3	250
1184	4	225
1184	5	83
1185	1	241
1185	2	254
1185	3	182
1185	4	225
1185	5	251
1185	6	251
1185	7	251
1185	8	225
1185	9	225
1187	1	19
1187	2	99
1187	3	242
1187	4	264
1188	1	117
1188	2	191
1188	3	258
1188	4	99
1188	5	233
1188	6	61
1188	7	61
1188	8	61
1188	9	134
1188	10	224
1189	1	19
1189	2	21
1189	3	80
1189	4	275
1189	5	72
1189	6	173
1189	7	87
1189	8	173
1189	9	147
1189	10	271
1189	11	87
1189	12	264
1190	1	238
1190	2	60
1190	3	60
1190	4	224
1190	5	222
1190	6	187
1190	7	31
1190	8	90
1190	9	250
1191	1	19
1191	2	19
1191	3	19
1191	4	98
1191	5	147
1191	6	274
1191	7	264
1192	1	80
1192	2	19
1192	3	19
1192	4	264
1192	5	72
1192	6	271
1192	7	147
1193	1	43
1193	2	271
1193	3	271
1193	4	271
1193	5	271
1193	6	271
1193	7	224
1193	8	134
1193	9	134
1193	10	117
1193	11	222
1194	1	19
1194	2	72
1194	3	275
1194	4	147
1194	5	98
1194	6	264
1194	7	264
1195	1	241
1195	2	117
1195	3	250
1195	4	251
1195	5	225
1195	6	99
1195	7	134
1195	8	168
1196	1	19
1196	2	99
1196	3	99
1196	4	72
1196	5	72
1196	6	264
1196	7	275
1196	8	264
1196	9	147
1197	1	43
1197	2	31
1197	3	60
1197	4	224
1197	5	195
1197	6	271
1197	7	271
1197	8	271
1197	9	271
1199	1	174
1199	2	269
1199	3	224
1199	4	24
1200	1	19
1200	2	19
1200	3	275
1200	4	243
1200	5	181
1200	6	264
1201	1	271
1201	2	271
1201	3	271
1201	4	195
1201	5	31
1201	6	264
1202	1	19
1202	2	181
1202	3	49
1202	4	264
1202	5	264
1203	1	225
1203	2	147
1203	3	147
1203	4	62
1203	5	192
1204	1	19
1204	2	98
1204	3	264
1204	4	173
1204	5	275
1204	6	243
1204	7	147
1205	1	80
1205	2	66
1205	3	134
1205	4	31
1205	5	94
1205	6	94
1205	7	94
1205	8	94
1205	9	94
1205	10	271
1205	11	195
1206	1	19
1206	2	173
1206	3	264
1206	4	72
1206	5	250
1206	6	264
1206	7	59
1207	1	258
1207	2	251
1207	3	148
1207	4	206
1207	5	206
1207	6	134
1208	1	19
1208	2	123
1208	3	54
1208	4	264
1209	1	118
1209	2	134
1209	3	271
1209	4	206
1209	5	258
1209	6	250
1209	7	60
1209	8	224
1210	1	19
1210	2	19
1210	3	181
1210	4	264
1210	5	147
1210	6	243
1210	7	275
1210	8	274
1211	1	118
1211	2	99
1211	3	191
1211	4	61
1211	5	61
1211	6	90
1211	7	34
1211	8	251
1211	9	60
1211	10	224
1211	11	134
1212	1	19
1212	2	98
1212	3	275
1212	4	147
1212	5	264
1213	1	256
1213	2	241
1213	3	60
1213	4	99
1213	5	134
1213	6	206
1214	1	118
1214	2	251
1214	3	60
1214	4	60
1214	5	224
1214	6	83
1214	7	62
1215	1	19
1215	2	19
1215	3	99
1215	4	264
1216	1	251
1216	2	118
1216	3	118
1216	4	225
1216	5	258
1216	6	134
1217	1	19
1217	2	72
1217	3	264
1217	4	181
1217	5	147
1217	6	275
1220	1	251
1220	2	250
1220	3	147
1220	4	34
1220	5	224
1220	6	224
1220	7	31
1220	8	271
1221	1	19
1221	2	99
1221	3	99
1221	4	147
1221	5	147
1221	6	264
1221	7	264
1221	8	72
1222	1	224
1222	2	43
1222	3	31
1222	4	271
1223	1	254
1223	2	80
1223	3	99
1223	4	83
1224	1	19
1224	2	19
1224	3	72
1224	4	147
1224	5	147
1224	6	264
1225	1	43
1225	2	31
1225	3	43
1225	4	271
1225	5	271
1225	6	271
1225	7	187
1226	1	80
1226	2	99
1226	3	19
1226	4	19
1226	5	181
1226	6	264
1227	1	19
1227	2	19
1227	3	72
1227	4	173
1227	5	147
1227	6	147
1227	7	264
1228	1	241
1228	2	224
1228	3	256
1228	4	256
1228	5	182
1228	6	251
1228	7	258
1229	1	19
1229	2	101
1229	3	49
1229	4	181
1229	5	264
1229	6	264
1229	7	147
1230	1	191
1230	2	191
1230	3	191
1230	4	61
1230	5	83
1230	6	242
1230	7	49
1230	8	242
1230	9	235
1230	10	191
1231	1	19
1231	2	19
1231	3	72
1231	4	147
1231	5	275
1231	6	264
1232	1	225
1232	2	209
1232	3	204
1232	4	134
1233	1	19
1233	2	80
1233	3	99
1233	4	19
1233	5	275
1233	6	147
1233	7	264
1234	1	250
1234	2	225
1234	3	241
1234	4	241
1234	5	83
1234	6	49
1234	7	191
1235	1	19
1235	2	173
1235	3	264
1235	4	173
1236	1	182
1236	2	34
1236	3	118
1236	4	62
1236	5	224
1236	6	251
1237	1	19
1237	2	264
1237	3	72
1237	4	258
1237	5	225
1238	1	209
1238	2	224
1238	3	34
1238	4	34
1238	5	204
1238	6	204
1238	7	258
1238	8	250
1239	1	19
1239	2	264
1239	3	275
1239	4	147
1239	5	264
1239	6	72
1241	1	19
1241	2	264
1241	3	264
1241	4	147
1241	5	99
1241	6	271
1242	1	209
1242	2	250
1242	3	251
1242	4	251
1242	5	250
1242	6	60
1242	7	225
1243	1	19
1243	2	19
1243	3	275
1243	4	181
1243	5	147
1243	6	264
1244	1	117
1244	2	117
1244	3	203
1244	4	191
1244	5	258
1244	6	250
1244	7	224
1244	8	241
1244	9	34
1244	10	251
1244	11	31
1245	1	19
1245	2	99
1245	3	72
1245	4	264
1246	1	224
1246	2	131
1246	3	209
1246	4	258
1246	5	83
1246	6	61
1246	7	61
1246	8	83
1246	9	264
1248	1	224
1248	2	251
1248	3	256
1248	4	256
1248	5	256
1248	6	19
1248	7	19
1248	8	209
1251	1	19
1251	2	72
1251	3	147
1251	4	181
1251	5	264
1252	1	209
1252	2	117
1252	3	250
1252	4	182
1252	5	251
1252	6	118
1252	7	224
1252	8	136
1252	9	136
1252	10	117
1252	11	117
1253	1	19
1253	2	264
1253	3	147
1253	4	72
1254	1	241
1254	2	251
1254	3	99
1254	4	225
1255	1	181
1255	2	264
1255	3	19
1256	1	241
1256	2	241
1256	3	191
1256	4	264
1256	5	182
1256	6	182
1256	7	250
1256	8	251
1256	9	60
1256	10	174
1256	11	99
1256	12	62
1258	1	19
1258	2	72
1258	3	264
1258	4	147
1258	5	181
1259	1	242
1259	2	61
1259	3	258
1259	4	241
1259	5	241
1261	1	117
1261	2	224
1261	3	250
1261	4	209
1261	5	269
1261	6	269
1261	7	174
1261	8	174
1261	9	49
1261	10	61
1261	11	61
1261	12	62
1262	1	19
1262	2	275
1262	3	147
1262	4	264
1262	5	99
1262	6	264
1263	1	224
1263	2	241
1263	3	31
1263	4	191
1263	5	61
1263	6	61
1270	1	31
1270	2	31
1270	3	224
1270	4	250
1270	5	271
1270	6	271
1270	7	271
1270	8	271
1270	9	271
1270	10	271
1270	11	271
1270	12	271
1270	13	271
1270	14	271
1270	15	271
1270	16	271
1270	17	271
1270	18	271
1270	19	271
1271	1	224
1271	2	168
1271	3	31
1271	4	266
1271	5	265
1271	6	264
1272	1	19
1272	2	19
1272	3	101
1272	4	101
1272	5	181
1272	6	147
1272	7	147
1272	8	264
1273	1	87
1273	2	173
1273	3	98
1273	4	99
1273	5	19
1273	6	147
1273	7	181
1273	8	173
1273	9	72
1273	10	72
1273	11	264
1273	12	110
1273	13	173
1274	1	250
1274	2	43
1274	3	31
1274	4	94
1275	1	19
1275	2	19
1275	3	98
1275	4	80
1275	5	147
1275	6	173
1275	7	264
1275	8	49
1275	9	49
1275	10	72
1275	11	72
1275	12	242
1275	13	264
1276	1	19
1276	2	99
1276	3	173
1276	4	147
1276	5	147
1276	6	181
1276	7	264
1277	1	19
1277	2	19
1277	3	275
1277	4	147
1277	5	181
1277	6	264
1278	1	238
1278	2	43
1278	3	251
1278	4	60
1278	5	60
1278	6	60
1278	7	224
1278	8	224
1278	9	250
1278	10	134
1278	11	134
1289	1	191
1289	2	191
1289	3	117
1289	4	117
1289	5	118
1289	6	131
1289	7	134
1289	8	134
1289	9	134
1289	10	224
1290	1	72
1290	2	72
1290	3	72
1290	4	19
1290	5	19
1290	6	275
1291	1	220
1291	2	174
1291	3	60
1291	4	224
1291	5	60
1292	1	60
1292	2	224
1292	3	168
1292	4	146
1292	5	251
1292	6	251
1292	7	203
1292	8	117
1292	9	134
1294	1	224
1294	2	83
1294	3	206
1294	4	168
1294	5	57
1294	6	43
1294	7	265
1294	8	203
1294	9	118
1299	1	66
1299	2	251
1299	3	90
1299	4	222
1299	5	117
1299	6	195
1299	7	160
1299	8	160
1300	1	43
1300	2	238
1300	3	222
1300	4	80
1300	5	187
1300	6	271
1300	7	271
1300	8	31
1300	9	94
1301	1	271
1301	2	264
1301	3	123
1301	4	87
1302	1	19
1302	2	87
1302	3	101
1302	4	87
1302	5	274
1303	1	250
1303	2	258
1303	3	136
1303	4	206
1303	5	206
1303	6	225
1304	1	72
1304	2	49
1304	3	19
1304	4	98
1304	5	98
1304	6	181
1304	7	181
1304	8	264
1304	9	275
1304	10	147
1307	1	222
1307	2	271
1307	3	31
1307	4	83
1307	5	94
1307	6	94
1307	7	94
1307	8	94
1307	9	94
1308	1	19
1308	2	19
1308	3	181
1308	4	264
1309	1	222
1309	2	225
1309	3	31
1309	4	271
1309	5	271
1309	6	271
1309	7	271
1309	8	271
1309	9	271
1310	1	19
1310	2	19
1310	3	264
1310	4	72
1310	5	147
1310	6	191
1310	7	275
1310	8	72
1310	9	264
1311	1	191
1311	2	250
1311	3	258
1311	4	258
1311	5	241
1311	6	99
1311	7	99
1311	8	256
1311	9	19
1311	10	19
1311	11	49
1311	12	49
1312	1	19
1312	2	173
1312	3	271
1312	4	271
1312	5	72
1312	6	264
1312	7	264
1312	8	271
1313	1	99
1313	2	147
1313	3	242
1313	4	256
1313	5	256
1313	6	256
1313	7	60
1313	8	182
1313	9	83
1314	1	251
1314	2	250
1314	3	117
1314	4	117
1314	5	242
1314	6	256
1314	7	224
1314	8	131
1314	9	131
1314	10	83
1314	11	238
1315	1	19
1315	2	99
1315	3	19
1315	4	275
1315	5	147
1315	6	264
1315	7	271
1316	1	181
1316	2	264
1316	3	173
1316	4	147
1316	5	19
1317	1	256
1317	2	256
1317	3	49
1317	4	49
1317	5	191
1317	6	61
1317	7	61
1317	8	224
1317	9	258
1317	10	80
1317	11	271
1317	12	83
1318	1	19
1318	2	19
1318	3	147
1318	4	264
1319	1	271
1319	2	271
1319	3	80
1319	4	31
1320	1	181
1320	2	19
1320	3	19
1320	4	275
1320	5	98
1320	6	264
1320	7	243
1321	1	80
1321	2	271
1321	3	271
1321	4	31
1321	5	191
1322	1	271
1322	2	147
1322	3	19
1322	4	72
1322	5	264
1322	6	264
1322	7	275
1323	1	238
1323	2	43
1323	3	271
1323	4	271
1323	5	271
1323	6	271
1323	7	80
1323	8	31
1324	1	19
1324	2	80
1324	3	181
1324	4	147
1324	5	275
1324	6	264
1325	1	43
1325	2	264
1325	3	31
1325	4	271
1325	5	225
1325	6	225
1325	7	134
1325	8	271
1325	9	271
1326	1	19
1326	2	19
1326	3	264
1326	4	147
1326	5	173
1326	6	72
1326	7	72
1327	1	242
1327	2	49
1327	3	49
1327	4	49
1327	5	242
1327	6	49
1327	7	191
1327	8	258
1327	9	182
1327	10	225
1327	11	225
1327	12	264
1328	1	19
1328	2	19
1328	3	264
1330	1	80
1330	2	80
1330	3	222
1330	4	224
1330	5	224
1330	6	134
1331	1	19
1331	2	181
1331	3	99
1331	4	275
1331	5	147
1331	6	264
1332	1	19
1332	2	19
1332	3	264
1332	4	275
1332	5	147
1333	1	222
1333	2	199
1333	3	80
1333	4	271
1333	5	271
1333	6	271
1333	7	271
1333	8	271
1333	9	271
1333	10	83
1333	11	160
1334	1	19
1334	2	19
1334	3	72
1334	4	72
1334	5	80
1334	6	98
1334	7	49
1334	8	242
1334	9	147
1334	10	264
1334	11	264
1335	1	271
1335	2	271
1335	3	251
1335	4	225
1335	5	134
1335	6	271
1337	1	19
1337	2	147
1337	3	147
1337	4	264
1337	5	275
1338	1	31
1338	2	271
1338	3	271
1338	4	271
1338	5	225
1339	1	80
1339	2	80
1339	3	19
1339	4	99
1339	5	264
1339	6	264
1340	1	251
1340	2	251
1340	3	258
1340	4	134
1340	5	206
1341	1	19
1341	2	181
1341	3	147
1341	4	275
1341	5	264
1341	6	72
1342	1	80
1342	2	49
1342	3	149
1342	4	149
1342	5	258
1342	6	134
1342	7	191
1342	8	99
1343	1	19
1343	2	147
1343	3	99
1343	4	264
1344	1	258
1344	2	134
1344	3	224
1345	1	19
1345	2	264
1345	3	101
1345	4	275
1345	5	147
1346	1	266
1346	2	258
1346	3	60
1346	4	182
1346	5	224
1346	6	83
1347	1	19
1347	2	274
1348	1	222
1348	2	238
1348	3	60
1348	4	224
1348	5	31
1349	1	191
1349	2	99
1349	3	134
1349	4	251
1349	5	134
1350	1	19
1350	2	19
1350	3	275
1350	4	99
1350	5	99
1350	6	264
1351	1	19
1351	2	19
1351	3	19
1351	4	19
1351	5	147
1351	6	275
1351	7	264
1351	8	99
1352	1	19
1352	2	147
1352	3	72
1352	4	72
1352	5	80
1352	6	271
1352	7	264
1352	8	101
1353	1	206
1353	2	225
1353	3	222
1353	4	271
1353	5	271
1353	6	271
1353	7	271
1353	8	31
1354	1	241
1354	2	191
1354	3	182
1354	4	134
1354	5	60
1354	6	225
1354	7	61
1354	8	256
1355	1	43
1355	2	43
1355	3	271
1355	4	271
1355	5	271
1355	6	271
1355	7	225
1355	8	206
1355	9	31
1356	1	250
1356	2	250
1356	3	258
1356	4	271
1356	5	134
1357	1	19
1357	2	147
1357	3	264
1357	4	264
1357	5	264
1357	6	80
1357	7	72
1358	1	264
1358	2	251
1358	3	117
1358	4	36
1358	5	168
1358	6	60
1358	7	224
1360	1	241
1360	2	191
1360	3	117
1360	4	258
1360	5	136
1360	6	36
1360	7	206
1361	1	117
1361	2	224
1361	3	134
1361	4	271
1362	1	19
1362	2	271
1362	3	19
1362	4	273
1362	5	59
1365	1	233
1365	2	225
1365	3	117
1365	4	250
1365	5	258
1365	6	258
1365	7	34
1365	8	191
1367	1	101
1367	2	19
1367	3	264
1367	4	181
1367	5	181
1367	6	72
1367	7	147
1367	8	147
1367	9	275
1368	1	136
1368	2	258
1368	3	191
1368	4	225
1368	5	250
1368	6	80
1368	7	271
1368	8	225
1369	1	264
1369	2	19
1369	3	173
1369	4	275
1370	1	134
1370	2	224
1370	3	195
1370	4	222
1370	5	97
1370	6	191
1370	7	191
1370	8	238
1370	9	271
1370	10	271
1370	11	80
1370	12	271
1371	1	19
1371	2	97
1371	3	264
1371	4	275
1374	1	97
1374	2	19
1374	3	173
1374	4	264
1374	5	147
1375	1	31
1375	2	34
1375	3	34
1375	4	195
1375	5	60
1375	6	238
1375	7	271
1375	8	271
1376	1	97
1376	2	98
1376	3	19
1376	4	275
1376	5	275
1376	6	264
1376	7	181
1377	1	43
1377	2	31
1377	3	31
1377	4	80
1377	5	271
1377	6	271
1377	7	271
1380	1	43
1380	2	43
1380	3	43
1380	4	134
1380	5	66
1380	6	238
1380	7	224
1381	1	97
1381	2	19
1381	3	19
1381	4	264
1381	5	264
1381	6	173
1382	1	209
1382	2	224
1382	3	31
1382	4	250
1382	5	251
1382	6	258
1382	7	251
1382	8	264
1383	1	97
1383	2	19
1383	3	19
1383	4	275
1383	5	264
1383	6	80
1383	7	264
1383	8	181
1383	9	181
1383	10	275
1383	11	72
1384	1	238
1384	2	34
1384	3	250
1384	4	134
1384	5	224
1384	6	182
1384	7	251
1384	8	264
1385	1	19
1385	2	19
1385	3	264
1385	4	97
1386	1	31
1386	2	225
1386	3	195
1386	4	195
1386	5	31
1387	1	19
1387	2	19
1387	3	97
1387	4	72
1387	5	264
1387	6	181
1387	7	147
1388	1	241
1388	2	99
1388	3	134
1388	4	225
1389	1	97
1389	2	19
1389	3	19
1389	4	264
1389	5	264
1392	1	238
1392	2	134
1392	3	225
1392	4	222
1392	5	80
1392	6	264
1392	7	264
1392	8	271
1392	9	264
1392	10	271
1393	1	97
1393	2	19
1393	3	275
1393	4	264
1393	5	206
1393	6	275
1394	1	134
1394	2	90
1394	3	90
1394	4	195
1394	5	271
1394	6	250
1394	7	271
1394	8	271
1394	9	31
1395	1	19
1395	2	19
1395	3	98
1395	4	72
1395	5	275
1395	6	173
1395	7	264
1395	8	181
1395	9	275
1398	1	31
1398	2	99
1398	3	43
1398	4	250
1398	5	31
1399	1	19
1399	2	98
1399	3	49
1399	4	147
1399	5	264
1399	6	72
1399	7	72
1399	8	242
1399	9	49
1399	10	49
1400	1	43
1400	2	134
1400	3	191
1400	4	191
1400	5	271
1400	6	271
1400	7	271
1400	8	225
1400	9	222
1400	10	238
1401	1	34
1401	2	117
1401	3	241
1401	4	99
1401	5	256
1401	6	134
1401	7	264
1401	8	250
1401	9	250
1401	10	225
1402	1	174
1402	2	118
1402	3	118
1402	4	224
1402	5	220
1403	1	238
1403	2	45
1403	3	224
1403	4	182
1403	5	251
1403	6	271
1403	7	191
1404	1	19
1404	2	72
1404	3	264
1404	4	181
1404	5	147
1404	6	147
1404	7	275
1404	8	264
1407	1	31
1407	2	195
1407	3	195
1407	4	271
1407	5	271
1407	6	224
1408	1	19
1408	2	97
1408	3	275
1408	4	264
1409	1	260
1409	2	31
1409	3	250
1409	4	224
1409	5	195
1409	6	195
1410	1	19
1410	2	275
1410	3	264
1410	4	72
1410	5	181
1410	6	181
1410	7	147
1410	8	275
1411	1	31
1411	2	238
1411	3	80
1411	4	195
1411	5	271
1411	6	224
1411	7	271
1411	8	271
1411	9	271
1412	1	19
1412	2	19
1412	3	101
1412	4	225
1412	5	72
1412	6	264
1412	7	181
1412	8	147
1412	9	264
1413	1	19
1413	2	72
1413	3	173
1413	4	225
1413	5	264
1413	6	181
1413	7	147
1413	8	147
1414	1	31
1414	2	191
1414	3	192
1414	4	222
1414	5	192
1414	6	224
1414	7	224
1414	8	271
1414	9	271
1414	10	80
1414	11	258
1417	1	191
1417	2	134
1417	3	224
1417	4	224
1417	5	224
1417	6	254
1417	7	250
1417	8	182
1419	1	19
1419	2	19
1419	3	271
1419	4	264
1420	1	31
1420	2	191
1420	3	31
1420	4	271
1420	5	271
1420	6	80
1420	7	195
1420	8	66
1420	9	271
1420	10	271
1420	11	31
1420	12	225
1420	13	271
1420	14	271
1420	15	271
1420	16	271
1421	1	19
1421	2	19
1421	3	97
1421	4	264
1421	5	275
1421	6	173
1421	7	173
1422	1	182
1422	2	182
1422	3	182
1422	4	31
1422	5	256
1422	6	256
1422	7	225
1422	8	31
1422	9	173
1423	1	97
1423	2	19
1423	3	80
1423	4	264
1424	1	182
1424	2	134
1424	3	195
1424	4	191
1424	5	191
1424	6	191
1424	7	225
1425	1	19
1425	2	19
1425	3	264
1425	4	72
1425	5	271
1426	1	209
1426	2	134
1426	3	233
1426	4	256
1426	5	256
1426	6	258
1426	7	258
1426	8	191
1426	9	191
1426	10	224
1426	11	264
1427	1	19
1427	2	101
1427	3	98
1427	4	271
1427	5	264
1427	6	147
1427	7	275
1503	1	52
1503	2	52
1503	3	52
1503	4	53
1503	5	126
1503	6	49
1503	7	120
1503	8	120
1503	9	273
1503	10	80
1503	11	88
1503	12	264
1515	1	70
1515	2	265
1516	1	174
1516	2	224
1516	3	24
1522	1	113
1522	2	168
1522	3	60
1522	4	137
1522	5	265
1531	1	168
1531	2	224
1531	3	23
1531	4	23
1532	1	82
1532	2	168
1532	3	118
1532	4	168
1532	5	224
1533	1	82
1533	2	224
1542	1	98
1542	2	49
1542	3	49
1542	4	101
1542	5	49
1542	6	49
1542	7	49
1542	8	264
1542	9	181
1542	10	206
1542	11	271
1542	12	72
1542	13	275
1543	1	19
1543	2	101
1543	3	19
1543	4	72
1543	5	271
1543	6	264
1543	7	275
1543	8	147
1546	1	238
1546	2	220
1546	3	223
1546	4	131
1546	5	251
1547	1	265
1547	2	220
1547	3	131
1547	4	131
1547	5	131
1547	6	224
1547	7	24
1550	1	174
1550	2	24
1550	3	60
1550	4	224
1550	5	118
1551	1	19
1551	2	72
1551	3	59
1551	4	59
1551	5	271
1551	6	275
1551	7	101
1551	8	275
1551	9	265
1551	10	265
1558	1	120
1558	2	191
1558	3	134
1558	4	233
1558	5	271
1558	6	271
1558	7	271
1558	8	191
1558	9	191
1558	10	225
1558	11	191
1578	1	251
1578	2	146
1578	3	251
1578	4	168
1578	5	146
1578	6	131
1578	7	168
1578	8	224
1578	9	60
1579	1	168
1579	2	230
1579	3	224
1580	1	266
1580	2	225
1580	3	60
1581	1	265
1581	2	220
1581	3	265
1581	4	265
1581	5	131
1582	1	118
1582	2	204
1582	3	204
1582	4	204
1582	5	204
1582	6	204
1582	7	223
1583	1	168
1583	2	168
1583	3	118
1583	4	137
1583	5	118
1583	6	60
1583	7	224
1584	1	146
1584	2	258
1584	3	131
1584	4	131
1584	5	168
1584	6	168
1584	7	224
1585	1	117
1585	2	203
1585	3	60
1585	4	168
1585	5	168
1585	6	60
1585	7	224
1586	1	195
1586	2	195
1586	3	57
1586	4	60
1586	5	60
1586	6	224
1587	1	166
1587	2	238
1587	3	117
1587	4	62
1587	5	224
1587	6	62
1587	7	160
1587	8	60
1588	1	23
1588	2	23
1588	3	118
1588	4	117
1589	1	223
1589	2	130
1589	3	117
1589	4	117
1590	1	203
1590	2	117
1590	3	250
1590	4	250
1590	5	225
1590	6	258
1590	7	118
1590	8	260
1590	9	260
1591	1	265
1591	2	204
1591	3	168
1591	4	230
1591	5	168
1591	6	230
1591	7	225
1591	8	96
1596	1	254
1596	2	29
1596	3	258
1596	4	258
1596	5	29
1596	6	29
1596	7	29
1596	8	29
1608	1	49
1608	2	53
1608	3	52
1608	4	49
1608	5	124
1608	6	51
1608	7	124
1608	8	120
1608	9	120
1608	10	53
1608	11	49
1608	12	242
1608	13	97
1608	14	97
1608	15	97
1608	16	242
1653	1	88
1653	2	247
1653	3	53
1653	4	52
1653	5	126
1653	6	126
1653	7	126
1653	8	53
1653	9	126
1653	10	247
1653	11	59
1653	12	59
1657	1	273
1657	2	97
1657	3	49
1657	4	52
1657	5	51
1657	6	247
1657	7	49
1657	8	53
1657	9	61
1657	10	271
1657	11	21
1690	1	229
1692	1	265
1692	2	220
1692	3	223
1692	4	258
1703	1	177
1703	2	177
1703	3	177
1703	4	177
1703	5	177
1703	6	177
1703	7	177
1703	8	177
1703	9	177
1703	10	177
1703	11	177
1703	12	177
1703	13	177
1703	14	177
1703	15	177
1703	16	108
1703	17	40
1703	18	177
1703	19	28
1703	20	242
1703	21	264
1708	1	174
1708	2	24
1708	3	223
1709	1	260
1709	2	117
1709	3	118
1709	4	131
1714	1	235
1714	2	147
1714	3	250
1714	4	250
1714	5	250
1714	6	99
1714	7	117
1714	8	96
1714	9	5
1714	10	250
1714	11	34
1714	12	5
1714	13	223
1714	14	120
1714	15	187
1715	1	60
1715	2	60
1715	3	60
1715	4	223
1716	1	230
1716	2	66
1716	3	160
1716	4	260
1716	5	60
1716	6	131
1716	7	224
1717	1	204
1717	2	204
1717	3	204
1717	4	204
1717	5	118
1717	6	118
1717	7	60
1717	8	223
1717	9	223
1719	1	182
1719	2	66
1719	3	160
1719	4	222
1719	5	235
1719	6	34
1719	7	117
1719	8	250
1719	9	31
1719	10	224
1719	11	60
1720	1	37
1720	2	37
1720	3	37
1720	4	37
1720	5	37
1720	6	37
1720	7	37
1720	8	37
1720	9	37
1720	10	37
1720	11	37
1720	12	37
1720	13	37
1720	14	37
1720	15	148
1720	16	204
1720	17	60
1721	1	273
1721	2	160
1721	3	265
1721	4	204
1721	5	265
1721	6	148
1721	7	225
1722	1	236
1722	2	118
1722	3	131
1722	4	224
1724	1	57
1724	2	131
1724	3	131
1724	4	168
1724	5	224
1725	1	120
1725	2	57
1725	3	168
1725	4	168
1725	5	168
1725	6	226
1725	7	97
1725	8	264
1726	1	134
1726	2	206
1726	3	57
1726	4	168
1726	5	168
1726	6	168
1726	7	224
1729	1	160
1729	2	124
1729	3	120
1729	4	124
1729	5	265
1729	6	131
1729	7	223
1729	8	126
1730	1	120
1730	2	233
1730	3	233
1730	4	118
1730	5	55
1730	6	224
1730	7	264
1731	1	37
1731	2	37
1731	3	37
1731	4	37
1731	5	204
1731	6	37
1731	7	265
1731	8	225
1731	9	204
1732	1	120
1732	2	260
1732	3	118
1732	4	146
1732	5	146
1732	6	168
1732	7	224
1734	1	37
1734	2	37
1734	3	204
1734	4	265
1734	5	265
1734	6	265
1734	7	225
1734	8	225
1734	9	225
1734	10	223
1735	1	37
1735	2	37
1735	3	37
1735	4	37
1735	5	37
1735	6	37
1735	7	204
1735	8	204
1735	9	191
1735	10	209
1735	11	204
1735	12	204
1735	13	223
1737	1	120
1737	2	37
1737	3	37
1737	4	204
1737	5	209
1737	6	209
1737	7	209
1737	8	223
1739	1	120
1739	2	118
1739	3	265
1739	4	204
1739	5	236
1740	1	37
1740	2	37
1740	3	37
1740	4	37
1740	5	191
1740	6	191
1740	7	191
1740	8	37
1740	9	204
1740	10	204
1740	11	224
1740	12	37
1741	1	131
1741	2	204
1741	3	258
1741	4	258
1741	5	203
1741	6	224
1742	1	154
1742	2	154
1742	3	191
1742	4	118
1742	5	117
1742	6	137
1742	7	131
1742	8	168
1742	9	118
1742	10	224
1744	1	265
1744	2	204
1744	3	265
1744	4	204
1744	5	131
1744	6	168
1744	7	225
1745	1	174
1745	2	209
1745	3	131
1745	4	168
1745	5	168
1745	6	223
1746	1	52
1746	2	51
1746	3	122
1746	4	124
1746	5	118
1747	1	120
1747	2	223
1747	3	124
1747	4	124
1747	5	124
1747	6	124
1747	7	273
1747	8	124
1749	1	160
1749	2	66
1749	3	264
1749	4	122
1751	1	120
1751	2	264
1751	3	90
1754	1	210
1754	2	191
1754	3	117
1754	4	131
1754	5	131
1754	6	131
1754	7	131
1754	8	131
1754	9	60
1755	1	130
1755	2	258
1755	3	251
1755	4	131
1755	5	60
1755	6	224
1757	1	131
1757	2	131
1757	3	131
1757	4	131
1757	5	224
1759	1	22
1759	2	120
1759	3	118
1759	4	168
1759	5	204
1759	6	224
1759	7	204
1759	8	187
1760	1	120
1760	2	187
1760	3	160
1760	4	260
1760	5	118
1760	6	146
1760	7	131
1760	8	204
1760	9	224
1762	1	203
1762	2	118
1762	3	117
1762	4	131
1762	5	168
1762	6	224
1764	1	195
1765	1	191
1765	2	131
1765	3	131
1765	4	131
1765	5	131
1765	6	131
1765	7	131
1765	8	224
1766	1	168
1767	1	265
1767	2	265
1767	3	203
1767	4	258
1767	5	160
1767	6	204
1767	7	187
1769	1	258
1770	1	22
1770	2	120
1770	3	203
1770	4	204
1770	5	131
1770	6	258
1770	7	131
1770	8	224
1770	9	204
1772	1	117
1772	2	131
1772	3	168
1772	4	230
1772	5	168
1772	6	223
1774	1	210
1774	2	204
1774	3	224
1775	1	120
1775	2	136
1775	3	136
1775	4	210
1775	5	224
1775	6	49
1775	7	49
1776	1	37
1776	2	37
1776	3	37
1776	4	37
1776	5	37
1776	6	37
1776	7	204
1776	8	204
1776	9	204
1776	10	210
1776	11	225
1777	1	37
1777	2	191
1777	3	191
1777	4	204
1777	5	118
1777	6	203
1777	7	136
1777	8	210
1778	1	37
1778	2	37
1778	3	37
1778	4	37
1778	5	191
1778	6	191
1778	7	37
1778	8	37
1778	9	191
1778	10	191
1778	11	191
1778	12	37
1778	13	37
1778	14	37
1778	15	204
1778	16	225
1778	17	118
1780	1	210
1780	2	224
1781	1	204
1781	2	160
1781	3	210
1781	4	210
1781	5	224
1782	1	203
1782	2	120
1782	3	260
1782	4	260
1782	5	63
1782	6	224
1784	1	129
1784	2	154
1784	3	258
1784	4	118
1784	5	131
1784	6	131
1784	7	168
1784	8	168
1784	9	224
1785	1	174
1785	2	168
1785	3	227
1786	1	174
1786	2	227
1786	3	224
1787	1	118
1787	2	260
1787	3	223
1789	1	134
1789	2	80
1789	3	118
1789	4	224
1790	1	53
1790	2	52
1790	3	51
1790	4	52
1790	5	118
1790	6	224
1790	7	63
1791	1	204
1791	2	118
1791	3	204
1791	4	191
1791	5	117
1791	6	117
1791	7	168
1791	8	204
1791	9	168
1791	10	118
1791	11	224
1792	1	258
1792	2	204
1792	3	203
1792	4	258
1792	5	204
1792	6	168
1792	7	168
1792	8	224
1794	1	120
1794	2	118
1794	3	63
1794	4	134
1794	5	224
1797	1	118
1797	2	55
1797	3	80
1797	4	191
1797	5	191
1797	6	204
1797	7	224
1799	1	134
1799	2	118
1799	3	80
1799	4	260
1799	5	191
1799	6	191
1799	7	118
1799	8	118
1799	9	204
1799	10	204
1799	11	224
1799	12	191
1800	1	264
1800	2	271
1801	1	258
1801	2	118
1801	3	260
1801	4	204
1801	5	224
1801	6	258
1802	1	191
1802	2	159
1802	3	129
1802	4	204
1802	5	204
1802	6	204
1802	7	258
1802	8	117
1802	9	117
1802	10	117
1804	1	258
1804	2	204
1804	3	265
1804	4	118
1804	5	131
1804	6	131
1804	7	191
1804	8	224
1805	1	258
1805	2	117
1805	3	118
1805	4	204
1805	5	129
1805	6	131
1805	7	224
1805	8	168
1805	9	131
1806	1	129
1806	2	265
1806	3	204
1806	4	204
1806	5	117
1806	6	118
1806	7	258
1806	8	258
1806	9	131
1806	10	131
1806	11	224
1807	1	203
1807	2	260
1807	3	117
1807	4	131
1807	5	224
1809	1	265
1809	2	129
1809	3	117
1809	4	117
1809	5	131
1809	6	204
1809	7	224
1810	1	117
1810	2	131
1810	3	131
1810	4	224
1811	1	191
1811	2	258
1811	3	118
1811	4	204
1811	5	224
1812	1	118
1812	2	204
1812	3	224
1814	1	258
1814	2	223
1815	1	258
1815	2	210
1815	3	265
1815	4	131
1815	5	131
1815	6	224
1815	7	210
1816	1	118
1816	2	265
1816	3	168
1816	4	224
1817	1	118
1817	2	204
1817	3	204
1817	4	260
1817	5	260
1817	6	260
1817	7	260
1817	8	224
1817	9	117
1819	1	118
1819	2	260
1819	3	137
1819	4	168
1819	5	224
1820	1	210
1820	2	204
1820	3	236
1820	4	131
1820	5	224
1821	1	236
1821	2	265
1821	3	225
1821	4	118
1821	5	204
1822	1	210
1822	2	204
1822	3	236
1822	4	131
1822	5	224
1824	1	236
1824	2	204
1824	3	223
1825	1	230
1825	2	236
1825	3	120
1825	4	131
1825	5	131
1825	6	224
1826	1	265
1826	2	204
1827	1	118
1827	2	168
1827	3	168
1827	4	168
1827	5	224
1829	1	230
1829	2	137
1829	3	265
1829	4	168
1829	5	224
1830	1	265
1830	2	204
1830	3	118
1830	4	204
1830	5	131
1830	6	168
1830	7	224
1831	1	258
1831	2	137
1831	3	168
1831	4	224
1832	1	117
1832	2	168
1832	3	227
1835	1	204
1835	2	22
1835	3	160
1835	4	168
1835	5	60
1836	1	37
1836	2	37
1836	3	210
1836	4	22
1836	5	160
1836	6	168
1836	7	60
1836	8	224
1837	1	22
1837	2	160
1837	3	230
1837	4	168
1837	5	168
1837	6	60
1839	1	22
1839	2	160
1839	3	160
1839	4	118
1839	5	117
1839	6	159
1839	7	117
1839	8	204
1839	9	117
1839	10	168
1839	11	168
1839	12	60
1839	13	224
1840	1	258
1840	2	264
1840	3	160
1840	4	131
1840	5	118
1840	6	265
1840	7	265
1840	8	223
1841	1	22
1841	2	160
1841	3	118
1841	4	117
1841	5	117
1841	6	63
1842	1	22
1842	2	118
1842	3	118
1842	4	120
1842	5	22
1842	6	168
1842	7	60
1844	1	245
1844	2	160
1844	3	160
1844	4	118
1844	5	117
1844	6	117
1844	7	146
1844	8	168
1844	9	224
1844	10	245
1845	1	202
1845	2	117
1845	3	118
1845	4	117
1845	5	118
1845	6	204
1845	7	258
1845	8	258
1845	9	204
1846	1	203
1846	2	260
1846	3	168
1846	4	168
1846	5	223
1847	1	260
1847	2	160
1847	3	118
1847	4	251
1847	5	258
1847	6	60
1847	7	60
1847	8	168
1847	9	224
1849	1	191
1849	2	204
1849	3	224
1851	1	265
1851	2	118
1851	3	168
1851	4	60
1851	5	224
1851	6	224
1854	1	120
1854	2	120
1854	3	99
1854	4	251
1854	5	66
1854	6	250
1854	7	117
1854	8	166
1854	9	5
1854	10	94
1854	11	60
1861	1	120
1861	2	137
1861	3	223
1862	1	228
1862	2	160
1862	3	118
1862	4	168
1862	5	168
1862	6	227
1864	1	118
1864	2	154
1864	3	168
1864	4	224
1865	1	265
1865	2	210
1865	3	191
1865	4	168
1865	5	224
1865	6	60
1866	1	266
1866	2	210
1866	3	168
1866	4	60
1867	1	37
1867	2	37
1867	3	37
1867	4	37
1867	5	204
1867	6	210
1867	7	210
1867	8	210
1867	9	60
1867	10	223
1867	11	223
1870	1	118
1870	2	227
1870	3	226
1871	1	154
1871	2	154
1871	3	118
1871	4	131
1871	5	168
1871	6	223
1872	1	118
1872	2	137
1872	3	168
1872	4	224
1874	1	204
1874	2	265
1874	3	160
1874	4	204
1874	5	160
1874	6	160
1874	7	118
1874	8	265
1874	9	118
1874	10	204
1874	11	168
1874	12	223
1875	1	37
1875	2	37
1875	3	37
1875	4	37
1875	5	204
1875	6	210
1875	7	210
1875	8	223
1875	9	37
1876	1	266
1876	2	168
1876	3	223
1877	1	236
1877	2	210
1877	3	224
1879	1	236
1879	2	66
1879	3	118
1879	4	226
1880	1	118
1880	2	258
1880	3	224
1880	4	37
1880	5	37
1880	6	37
1880	7	37
1880	8	37
1880	9	37
1880	10	37
1880	11	37
1880	12	37
1882	1	250
1882	2	251
1882	3	251
1882	4	117
1882	5	57
1882	6	168
1882	7	168
1882	8	168
1882	9	223
1884	1	238
1884	2	222
1884	3	264
1884	4	224
1885	1	235
1885	2	117
1885	3	168
1885	4	168
1885	5	60
1885	6	60
1885	7	224
1886	1	5
1886	2	235
1886	3	117
1886	4	131
1886	5	118
1886	6	60
1886	7	60
1886	8	226
1887	1	118
1887	2	264
1887	3	117
1887	4	60
1887	5	224
1889	1	260
1889	2	204
1889	3	160
1889	4	160
1889	5	204
1889	6	22
1889	7	22
1889	8	168
1889	9	224
1890	1	146
1890	2	204
1890	3	117
1890	4	168
1890	5	224
1891	1	22
1891	2	66
1891	3	66
1891	4	160
1891	5	230
1891	6	204
1891	7	146
1891	8	131
1891	9	168
1891	10	224
1892	1	251
1892	2	260
1892	3	203
1892	4	258
1892	5	204
1895	1	117
1895	2	131
1895	3	131
1895	4	168
1895	5	223
1896	1	268
1896	2	260
1896	3	203
1896	4	258
1896	5	204
1896	6	258
1897	1	268
1897	2	260
1897	3	203
1897	4	258
1897	5	204
1897	6	225
1897	7	204
1899	1	258
1899	2	203
1899	3	258
1899	4	204
1899	5	225
1900	1	258
1900	2	168
1900	3	168
1900	4	258
1900	5	168
1900	6	224
1900	7	120
1900	8	203
1901	1	224
1901	2	168
1901	3	168
1901	4	168
1901	5	258
1901	6	258
1901	7	118
1902	1	185
1902	2	29
1902	3	258
1902	4	117
1902	5	118
1902	6	118
1904	1	120
1904	2	258
1904	3	118
1905	1	250
1905	2	258
1905	3	168
1905	4	168
1905	5	225
1905	6	60
1905	7	60
1905	8	60
1906	1	258
1906	2	22
1906	3	22
1906	4	22
1906	5	22
1907	1	160
1907	2	160
1907	3	258
1907	4	124
1909	1	160
1909	2	160
1909	3	160
1909	4	250
1909	5	258
1909	6	258
1909	7	258
1909	8	90
1909	9	90
1909	10	61
1909	11	264
1909	12	242
1909	13	76
1909	14	76
1909	15	76
1909	16	76
1910	1	204
1910	2	191
1910	3	258
1910	4	202
1910	5	202
1910	6	202
1910	7	25
1910	8	66
1910	9	187
1910	10	126
1911	1	268
1911	2	258
1911	3	204
1911	4	265
1912	1	265
1912	2	258
1912	3	25
1912	4	25
1912	5	265
1912	6	120
1912	7	209
1912	8	209
1915	1	202
1915	2	187
1915	3	187
1915	4	258
1915	5	269
1917	1	204
1917	2	268
1917	3	258
1917	4	258
1917	5	265
1917	6	187
1919	1	204
1919	2	268
1919	3	160
1919	4	204
1919	5	258
1919	6	204
1920	1	268
1920	2	258
1920	3	258
1920	4	118
1920	5	118
1920	6	118
1920	7	118
1920	8	118
1920	9	224
1920	10	118
1921	1	268
1921	2	204
1921	3	204
1921	4	187
1921	5	202
1921	6	191
1922	1	160
1922	2	160
1922	3	204
1922	4	147
1922	5	118
1922	6	118
1922	7	259
1922	8	204
1924	1	225
1924	2	120
1924	3	43
1924	4	55
1924	5	182
1924	6	147
1924	7	147
1924	8	147
1924	9	258
1925	1	224
1925	2	134
1925	3	80
1925	4	271
1925	5	105
1925	6	191
1925	7	191
1925	8	191
1925	9	191
1925	10	191
1925	11	61
1925	12	61
1925	13	61
1925	14	99
1926	1	61
1926	2	168
1926	3	168
1926	4	90
1926	5	66
1926	6	90
1926	7	250
1926	8	223
1926	9	223
1927	1	224
1927	2	134
1927	3	206
1927	4	271
1927	5	271
1927	6	147
1927	7	97
1927	8	191
1927	9	55
1929	1	223
1929	2	258
1929	3	250
1929	4	251
1929	5	251
1929	6	55
1929	7	147
1929	8	134
1929	9	105
1929	10	66
1929	11	120
1929	12	97
1929	13	90
1929	14	57
1930	1	80
1930	2	105
1930	3	191
1930	4	191
1930	5	97
1930	6	61
1930	7	206
1930	8	264
1930	9	191
1931	1	223
1931	2	147
1931	3	251
1931	4	251
1931	5	66
1931	6	203
1931	7	249
1931	8	249
1931	9	147
1932	1	235
1932	2	224
1932	3	224
1932	4	224
1932	5	251
1932	6	251
1932	7	182
1932	8	224
1934	1	224
1934	2	166
1934	3	187
1934	4	31
1934	5	94
1934	6	250
1934	7	117
1934	8	250
1934	9	250
1934	10	250
1935	1	250
1935	2	251
1935	3	250
1935	4	224
1935	5	55
1935	6	246
1935	7	271
1935	8	134
1935	9	206
1935	10	90
1935	11	147
1936	1	191
1936	2	191
1936	3	147
1936	4	224
1936	5	264
1936	6	206
1936	7	147
1936	8	271
1936	9	191
1936	10	99
1936	11	264
1936	12	271
1936	13	80
1936	14	206
1937	1	80
1937	2	80
1937	3	169
1937	4	123
1939	1	224
1939	2	43
1939	3	43
1939	4	43
1939	5	43
1939	6	43
1939	7	168
1939	8	238
1939	9	222
1939	10	187
1939	11	246
1939	12	134
1939	13	134
1939	14	134
1939	15	134
1939	16	31
1940	1	224
1940	2	182
1940	3	250
1940	4	250
1940	5	250
1940	6	251
1940	7	43
1940	8	43
1940	9	43
1940	10	238
1941	1	131
1941	2	62
1941	3	117
1941	4	118
1941	5	203
1941	6	273
1941	7	120
1941	8	66
1941	9	187
1941	10	118
1941	11	224
1942	1	117
1942	2	60
1942	3	57
1944	1	60
1944	2	224
1944	3	55
1944	4	31
1944	5	94
1944	6	238
1944	7	250
1944	8	250
1944	9	43
1944	10	43
1944	11	31
1944	12	60
1944	13	60
1947	1	224
1947	2	4
1947	3	160
1947	4	99
1947	5	80
1947	6	187
1947	7	245
1951	1	264
1951	2	206
1951	3	160
1951	4	275
1951	5	275
1951	6	59
1951	7	59
1951	8	275
1951	9	19
1951	10	275
1952	1	242
1952	2	109
1952	3	109
1952	4	275
1952	5	275
1952	6	271
1952	7	98
1952	8	49
1952	9	72
1952	10	101
1952	11	191
1952	12	101
1952	13	109
1952	14	275
1954	1	241
1954	2	88
1954	3	88
1954	4	88
1954	5	88
1954	6	88
1954	7	34
1955	1	120
1955	2	31
1955	3	31
1955	4	238
1955	5	224
1955	6	271
1955	7	271
1955	8	271
1955	9	43
1955	10	43
1955	11	33
1956	1	264
1956	2	80
1956	3	80
1956	4	271
1956	5	104
1956	6	273
1956	7	273
1956	8	273
1956	9	160
1956	10	273
1956	11	273
1956	12	273
1957	1	120
1957	2	275
1957	3	181
1957	4	181
1957	5	181
1957	6	181
1957	7	80
1957	8	264
1957	9	110
1957	10	66
1957	11	66
1957	12	242
1957	13	147
1957	14	124
1959	1	258
1959	2	204
1959	3	191
1959	4	118
1959	5	118
1959	6	22
1959	7	245
1959	8	52
1959	9	52
1959	10	160
1959	11	203
1959	12	22
1959	13	90
1959	14	90
1959	15	118
1959	16	118
1960	1	224
1960	2	206
1960	3	192
1960	4	192
1960	5	192
1960	6	147
1960	7	147
1960	8	192
1960	9	192
1960	10	191
1960	11	191
1960	12	191
1960	13	61
1960	14	61
1960	15	120
1960	16	120
1960	17	273
1960	18	187
1960	19	90
1960	20	191
1960	21	97
1961	1	242
1961	2	49
1961	3	49
1961	4	184
1961	5	184
1961	6	275
1961	7	27
1961	8	27
1961	9	27
1961	10	275
1961	11	184
1961	12	184
1961	13	184
1961	14	184
1961	15	184
1961	16	264
1962	1	80
1962	2	264
1962	3	264
1962	4	192
1962	5	191
1962	6	181
1962	7	181
1962	8	101
1962	9	275
1962	10	273
1962	11	109
1962	12	273
1962	13	109
1964	1	80
1964	2	51
1964	3	273
1964	4	264
1964	5	173
1964	6	214
1964	7	275
1964	8	191
1964	9	192
1964	10	97
1965	1	191
1965	2	256
1965	3	149
1965	4	191
1965	5	97
1965	6	242
1965	7	49
1965	8	273
1965	9	66
1965	10	160
1965	11	120
1965	12	273
1965	13	66
1965	14	191
1965	15	256
1965	16	256
1965	17	191
1965	18	192
1965	19	80
1965	20	271
1965	21	264
1965	22	264
1965	23	206
1966	1	134
1966	2	224
1966	3	206
1966	4	90
1966	5	80
1966	6	80
1966	7	191
1966	8	61
1966	9	61
1966	10	61
1966	11	61
1966	12	80
1966	13	97
1966	14	206
1967	1	206
1967	2	192
1967	3	192
1967	4	181
1967	5	181
1967	6	90
1967	7	191
1967	8	191
1967	9	191
1967	10	191
1967	11	264
1967	12	61
1967	13	61
1967	14	97
1967	15	206
1967	16	264
1967	17	61
1969	1	206
1969	2	61
1969	3	61
1969	4	264
1969	5	264
1969	6	192
1969	7	192
1969	8	191
1969	9	191
1969	10	192
1969	11	90
1969	12	191
1969	13	191
1969	14	192
1969	15	97
1970	1	72
1970	2	264
1970	3	242
1970	4	49
1970	5	173
1970	6	80
1970	7	101
1970	8	49
1970	9	49
1970	10	49
1970	11	49
1971	1	264
1971	2	144
1971	3	144
1971	4	144
1971	5	80
1971	6	173
1971	7	173
1971	8	104
1971	9	144
1972	1	134
1972	2	134
1972	3	271
1972	4	271
1972	5	187
1972	6	51
1972	7	187
1972	8	80
1972	9	80
1972	10	271
1972	11	90
1972	12	222
1972	13	90
1972	14	271
1974	1	117
1974	2	118
1974	3	204
1974	4	208
1974	5	204
1974	6	204
1974	7	250
1974	8	254
1975	1	224
1975	2	210
1975	3	33
1975	4	120
1975	5	245
1975	6	271
1977	1	168
1977	2	182
1977	3	182
1977	4	182
1977	5	250
1977	6	251
1977	7	250
1977	8	117
1977	9	250
1977	10	31
1977	11	31
1977	12	31
1985	1	60
1985	2	60
1985	3	60
1985	4	60
1985	5	224
1985	6	250
1985	7	251
1985	8	117
1985	9	203
1985	10	203
1985	11	134
1985	12	134
1985	13	187
1985	14	117
1985	15	117
1985	16	118
1988	1	225
1988	2	250
1988	3	251
1988	4	136
1988	5	136
1988	6	136
1988	7	117
1988	8	90
1988	9	136
1988	10	203
1989	1	102
1989	2	102
1989	3	117
1989	4	246
1989	5	31
1989	6	43
1989	7	147
1989	8	222
1989	9	238
1989	10	43
1989	11	224
1989	12	31
1992	1	55
1992	2	120
1992	3	273
1992	4	182
1992	5	182
1992	6	182
1992	7	182
1992	8	187
1992	9	273
1992	10	99
1992	11	224
1993	1	49
1993	2	160
1993	3	171
1993	4	273
1993	5	126
1993	6	271
1993	7	271
1993	8	275
1994	1	223
1994	2	168
1994	3	203
1994	4	117
1994	5	204
1994	6	204
1994	7	118
1995	1	223
1995	2	210
1995	3	31
1995	4	31
1995	5	258
1997	1	149
1997	2	29
1997	3	191
1997	4	149
1997	5	258
1998	1	224
1998	2	174
1998	3	269
1998	4	269
1998	5	204
1998	6	204
1998	7	60
